gaussian
 8  15   6
 6 2 1 4 1 1
 0 0 0 1 1 2
   5222.9022000             -0.0019364
    782.5399400             -0.0148507
    177.2674300             -0.0733187
     49.5166880             -0.2451162
     15.6664400             -0.4802847
      5.1793599             -0.3359427
     10.6014410              0.0788058
      0.9423170             -0.5676952
      0.2774746              1.0000000
     33.4241260              0.0175603
      7.6221714              0.1076300
      2.2382093              0.3235256
      0.6867300              0.4832229
      0.1938135              1.0000000
      0.8000000              1.0000000
 8 13 13
 1 1 1 1 1 1 1  1  1 1  1 1 1
 0 0 0 0 0 0 0  1  1 1  2 2 2
       2000.00000000             1.00000000
        400.00000000             1.00000000
        100.00000000             1.00000000
         25.00000000             1.00000000
          7.80000000             1.00000000
          1.56000000             1.00000000
          0.39000000             1.00000000
          7.80000000             1.00000000
          1.56000000             1.00000000
          0.39000000             1.00000000
          7.80000000             1.00000000
          1.56000000             1.00000000
          0.39000000             1.00000000
endbasis
