 (3.5734177E-03,1.1932094E-08)
 (2.4695775E-02,-1.2695787E-08)
 (-7.7942314E-06,-1.8498246E-08)
 (-7.8425445E-03,-1.2420123E-08)
 (-3.3053018E-06,2.4832302E-08)
 (9.6437652E-03,1.5558683E-08)
 (3.8588138E-07,-3.2216263E-08)
 (9.2567498E-05,2.4731279E-09)
 (-2.1558239E-05,3.1198715E-09)
 (9.2690934E-06,1.1817551E-07)
 (-6.0792370E-03,3.4272688E-08)
 (-5.3320973E-06,6.8316858E-10)
 (3.2008819E-02,3.6835598E-08)
 (2.7886629E-02,1.2946124E-07)
 (-1.9924402E-02,7.4386648E-08)
 (-8.6612783E-07,8.2541675E-08)
 (4.7376186E-02,2.9057267E-08)
 (-2.7740549E-04,3.1523072E-08)
 (-4.3458756E-02,1.5297536E-07)
 (2.4695747E-02,1.9088395E-08)
 (0.2225156,7.9274159E-08)
 (-6.9181828E-05,9.3558661E-10)
 (-4.5875322E-02,-3.3468037E-08)
 (6.5608543E-07,2.7911598E-08)
 (7.2694342E-03,3.1854952E-08)
 (-3.8484890E-07,1.0951712E-08)
 (4.4494765E-03,-2.0036468E-08)
 (-1.3370032E-03,-1.2388451E-08)
 (-5.2643190E-03,1.2077392E-08)
 (-6.6877238E-02,1.5735655E-08)
 (-7.0455670E-04,4.6512563E-09)
 (0.1373689,4.9114185E-08)
 (0.1068013,1.3041512E-07)
 (-5.3210486E-02,-3.8623828E-08)
 (1.2646143E-06,-1.7123737E-08)
 (0.2214667,2.8542425E-07)
 (-1.4201149E-03,4.1001694E-08)
 (-0.5532366,-2.5570476E-08)
 (-7.7808918E-06,5.2646221E-09)
 (-6.9172682E-05,-5.2577116E-09)
 (1.4592527E-02,1.9874427E-09)
 (5.9932636E-06,-6.9512329E-10)
 (-4.5420520E-02,2.5954099E-08)
 (-2.1393123E-06,-3.1628019E-08)
 (-5.5140190E-06,-3.0166714E-09)
 (6.2205251E-03,-5.4296156E-10)
 (5.0644408E-04,-4.4868780E-09)
 (5.0051570E-02,-7.2196147E-09)
 (-1.2540299E-02,9.9539790E-09)
 (-4.3537341E-08,1.3446300E-09)
 (2.8725066E-03,-2.0318440E-08)
 (-1.6686330E-02,7.4636120E-09)
 (-1.5158828E-02,9.8422177E-09)
 (1.3351063E-05,9.2069028E-09)
 (-1.1356702E-03,-5.1379342E-08)
 (-0.1539153,2.0720053E-07)
 (1.9837577E-04,-7.4174520E-09)
 (-7.8425463E-03,7.1525528E-09)
 (-4.5875333E-02,3.2171606E-08)
 (5.9909730E-06,-4.7057527E-09)
 (2.6870243E-02,-6.2584887E-10)
 (5.4446424E-05,-2.6323908E-08)
 (-5.3140994E-02,1.6067178E-08)
 (4.4458852E-06,5.1211053E-09)
 (1.4619193E-03,8.9234966E-09)
 (-4.5675246E-04,4.5152371E-09)
 (-3.8087838E-03,2.8939930E-08)
 (-3.7570219E-02,-1.4385680E-08)
 (-2.5337280E-04,-1.8182911E-09)
 (-1.2366810E-02,1.8402999E-09)
 (-2.6750689E-02,2.5257464E-08)
 (4.8553679E-02,2.0511454E-08)
 (-1.0903038E-05,-1.6407725E-08)
 (-0.2007464,1.9887079E-07)
 (1.2495682E-03,-9.3223044E-08)
 (5.5437692E-02,-2.5346866E-08)
 (-3.2893195E-06,-7.4684685E-09)
 (6.5473495E-07,-7.2183948E-09)
 (-4.5420520E-02,1.1771922E-09)
 (5.4445914E-05,3.9166864E-08)
 (0.1413756,-2.3514042E-08)
 (-8.4370375E-05,1.2039592E-08)
 (2.9355481E-06,8.6057126E-09)
 (-1.9362384E-02,-2.6162716E-08)
 (-1.5764419E-03,3.7953747E-09)
 (-0.1557934,-1.7756227E-07)
 (3.8998075E-02,2.3983429E-08)
 (2.8315011E-07,-3.7894905E-09)
 (-9.0060923E-03,1.0045249E-08)
 (5.1859364E-02,3.6433356E-09)
 (4.7279533E-02,-1.7564746E-08)
 (-7.2874150E-06,-1.6755461E-08)
 (3.0607805E-03,-1.0543056E-08)
 (0.4790785,-4.3404125E-07)
 (-1.6246710E-04,-1.2812141E-08)
 (9.6437652E-03,-4.0082238E-08)
 (7.2694398E-03,-4.9538908E-08)
 (-2.1569044E-06,2.5145500E-08)
 (-5.3141005E-02,-2.1185722E-08)
 (-8.4385712E-05,-1.4311271E-08)
 (0.1545552,-2.5138243E-08)
 (-1.3189594E-06,-8.5916660E-09)
 (-6.9637643E-03,-2.0261844E-08)
 (2.1468124E-03,-1.4270186E-09)
 (1.3961587E-02,5.7747574E-08)
 (0.1386205,7.4505785E-08)
 (1.1760128E-03,-3.3200500E-09)
 (-9.9862358E-03,5.3748497E-08)
 (4.3585993E-02,-1.8147738E-08)
 (-0.1269475,-4.7087642E-08)
 (3.5978351E-06,9.3560981E-10)
 (0.4642964,-4.1204686E-07)
 (-2.5985339E-03,-2.2702597E-08)
 (0.1705736,-1.0672210E-07)
 (3.9010041E-07,3.1395079E-08)
 (-3.8068345E-07,-6.7481327E-09)
 (-5.5068890E-06,-2.9551339E-09)
 (4.4433673E-06,-6.0724908E-10)
 (2.9257606E-06,6.0022165E-10)
 (-1.3211419E-06,-1.5373011E-08)
 (0.2938098,3.0219507E-08)
 (2.0490328E-04,2.1408193E-09)
 (3.9441115E-03,-2.3508919E-08)
 (-2.2935825E-04,-8.5707876E-09)
 (-2.4573156E-04,-2.0603629E-08)
 (-2.1668291E-03,1.5289983E-08)
 (-1.2482505E-04,-8.4043963E-09)
 (-1.3150123E-04,9.6143715E-10)
 (-3.3424635E-04,3.2939129E-09)
 (-0.7080076,3.6370741E-07)
 (-8.7590970E-06,2.2727258E-08)
 (9.8731398E-06,2.5548224E-09)
 (-1.9595648E-06,9.8206279E-09)
 (9.2560222E-05,4.5588247E-10)
 (4.4494774E-03,1.2896958E-08)
 (6.2205251E-03,-4.9881601E-09)
 (1.4619301E-03,-1.1061964E-08)
 (-1.9362379E-02,2.1681180E-08)
 (-6.9637634E-03,1.6846691E-08)
 (2.0490402E-04,-2.5837954E-09)
 (3.0696141E-03,-1.9376158E-09)
 (9.0918249E-05,8.6329088E-10)
 (2.0579748E-02,5.8313852E-08)
 (-1.3301183E-02,-5.5357932E-09)
 (-7.0891168E-05,7.4843398E-10)
 (4.9738511E-03,-3.0830513E-08)
 (-6.5644127E-03,3.6418420E-08)
 (-1.8899941E-03,2.4609255E-08)
 (-4.9374881E-04,6.2373817E-09)
 (-1.7143331E-02,6.6222633E-08)
 (-6.5536618E-02,2.1286324E-08)
 (-1.9613309E-02,1.6540296E-08)
 (-2.1558906E-05,-4.8580079E-10)
 (-1.3370028E-03,1.2293925E-08)
 (5.0644384E-04,2.9786609E-09)
 (-4.5675246E-04,-3.8687236E-09)
 (-1.5764417E-03,-4.6081827E-09)
 (2.1468122E-03,8.7148666E-10)
 (3.9441111E-03,2.5846058E-08)
 (9.0919842E-05,-4.1044956E-10)
 (1.0963362E-04,9.5635173E-11)
 (1.9641002E-03,-2.8305227E-09)
 (1.9329865E-03,-1.0005198E-08)
 (-7.8275853E-06,-1.8302132E-10)
 (-8.5655524E-04,1.6113745E-08)
 (-5.9344579E-04,-1.0468056E-09)
 (-2.0175469E-03,4.9537063E-09)
 (-9.5043108E-03,-3.4471029E-08)
 (5.1056920E-03,-3.4512478E-08)
 (-5.3655915E-03,-1.5926064E-08)
 (6.0332296E-03,-5.8450745E-08)
 (9.2083292E-06,-3.1769275E-08)
 (-5.2643614E-03,1.0691577E-08)
 (5.0051548E-02,-5.0321223E-08)
 (-3.8088460E-03,-2.3690854E-08)
 (-0.1557934,1.8557907E-07)
 (1.3961500E-02,-1.3865511E-08)
 (-2.2934830E-04,-4.8591593E-09)
 (2.0579748E-02,-5.1690268E-08)
 (1.9640999E-03,8.2498861E-09)
 (0.1732244,1.4065213E-07)
 (-2.4169335E-02,3.0338782E-08)
 (1.2434962E-04,4.1284509E-09)
 (-6.1884071E-03,-1.1205644E-08)
 (-6.5039165E-02,8.1241126E-08)
 (-5.7736021E-02,2.4652473E-07)
 (5.5295107E-04,-1.2609291E-08)
 (3.5190351E-02,-2.6041272E-07)
 (-0.5281225,7.1054694E-07)
 (2.5744606E-02,-1.5580653E-07)
 (-6.0792826E-03,-1.5890605E-07)
 (-6.6877238E-02,-3.7670116E-08)
 (-1.2540367E-02,5.3236295E-08)
 (-3.7570212E-02,-1.2936071E-08)
 (3.8998067E-02,-8.7171781E-09)
 (0.1386205,-1.5079976E-07)
 (-2.4572079E-04,3.6759777E-09)
 (-1.3301173E-02,-1.1526047E-08)
 (1.9329978E-03,1.1623842E-08)
 (-2.4168914E-02,-3.5965451E-07)
 (0.2977448,-6.6757210E-08)
 (1.2212812E-03,1.1179369E-09)
 (-0.4191885,-3.3760071E-07)
 (-0.2640006,6.8664448E-08)
 (5.5819839E-02,-2.2029886E-07)
 (5.9229467E-04,-5.7319106E-08)
 (0.4209159,-5.4025583E-07)
 (0.1300724,1.2850749E-07)
 (0.1914051,-9.7751375E-08)
 (-5.3314739E-06,1.8204482E-10)
 (-7.0455717E-04,-4.3695332E-09)
 (-4.4480213E-08,-1.3903497E-09)
 (-2.5337277E-04,2.2820879E-09)
 (2.8249070E-07,4.3689874E-09)
 (1.1760127E-03,5.8029590E-09)
 (-2.1668291E-03,-1.6160760E-08)
 (-7.0889408E-05,-1.5913096E-09)
 (-7.8276571E-06,3.2365560E-10)
 (1.2435764E-04,-3.6626882E-09)
 (1.2212745E-03,7.5382447E-09)
 (2.7581822E-05,5.4395068E-11)
 (-3.1989516E-04,2.3962645E-09)
 (1.5168817E-04,4.5214557E-09)
 (-8.8982988E-04,-2.6967608E-09)
 (5.2215154E-03,1.8404327E-08)
 (2.8066267E-03,-2.0610149E-09)
 (-1.1869198E-05,1.5227355E-08)
 (3.3094902E-03,1.2793584E-08)
 (3.2008827E-02,-1.0204317E-07)
 (0.1373689,-4.3392220E-08)
 (2.8724424E-03,1.5323282E-08)
 (-1.2366783E-02,-2.7097760E-08)
 (-9.0061156E-03,1.1555106E-07)
 (-9.9860206E-03,-5.0809231E-08)
 (-1.2482260E-04,1.2053909E-08)
 (4.9738167E-03,-6.7487356E-08)
 (-8.5654092E-04,-1.0913237E-08)
 (-6.1879153E-03,-3.5381331E-07)
 (-0.4191881,4.7302322E-07)
 (-3.1988951E-04,2.3045859E-09)
 (1.034870,-1.5258803E-07)
 (0.7992144,-2.1743801E-07)
 (-0.3932699,-7.3051405E-07)
 (3.0114441E-04,-1.9152303E-08)
 (-8.8348515E-02,1.7166112E-08)
 (-3.0034089E-02,1.7695312E-07)
 (2.5527144E-02,-2.5749205E-07)
 (2.7886670E-02,-5.9008592E-08)
 (0.1068013,-1.1324886E-07)
 (-1.6686227E-02,-1.7214562E-08)
 (-2.6750699E-02,1.2382872E-08)
 (5.1859364E-02,-1.1430678E-07)
 (4.3585747E-02,5.1081198E-08)
 (-1.3149857E-04,-4.4761821E-09)
 (-6.5643573E-03,3.8325783E-08)
 (-5.9346179E-04,-7.5865536E-09)
 (-6.5039627E-02,1.2314324E-07)
 (-0.2640012,-4.1580199E-07)
 (1.5167995E-04,-7.5521243E-09)
 (0.7992143,9.9182145E-08)
 (0.6588206,-3.0136115E-07)
 (-0.3290017,9.7846623E-07)
 (3.1719921E-04,2.2577298E-09)
 (8.4165446E-02,-1.7642678E-08)
 (0.1753618,-1.9890052E-07)
 (8.3894290E-02,2.6988951E-07)
 (-1.9924469E-02,2.1636463E-08)
 (-5.3210586E-02,7.9631754E-08)
 (-1.5158780E-02,-5.1222808E-09)
 (4.8553675E-02,-3.6224723E-08)
 (4.7279533E-02,2.9280804E-09)
 (-0.1269475,2.5421393E-08)
 (-3.3424699E-04,9.0829531E-09)
 (-1.8900164E-03,3.7401907E-08)
 (-2.0175476E-03,-7.7043598E-09)
 (-5.7736229E-02,-9.5368757E-10)
 (5.5819754E-02,-3.6144263E-07)
 (-8.8983687E-04,1.1184019E-09)
 (-0.3932701,2.6702898E-07)
 (-0.3290016,-1.4877239E-07)
 (0.2738113,1.2493120E-07)
 (8.0488110E-04,2.6802429E-08)
 (-0.3518436,4.4870353E-07)
 (0.1619463,-2.3341171E-07)
 (-0.1705900,2.4223309E-07)
 (-8.7075847E-07,-8.3186727E-08)
 (1.2705699E-06,1.0267806E-08)
 (1.3343260E-05,6.4791243E-09)
 (-1.0914800E-05,-5.6295737E-09)
 (-7.2818316E-06,-7.7862744E-10)
 (3.6106110E-06,3.7575628E-08)
 (-0.7080077,-4.3457752E-07)
 (-4.9374625E-04,-6.3408825E-09)
 (-9.5043089E-03,3.1297084E-08)
 (5.5297004E-04,1.7068807E-08)
 (5.9232011E-04,4.7555421E-08)
 (5.2215154E-03,-1.8352647E-08)
 (3.0114496E-04,2.3558512E-08)
 (3.1720975E-04,-6.6566358E-10)
 (8.0486707E-04,3.5803709E-09)
 (1.706120,-3.5524337E-08)
 (2.2694961E-05,-2.3196440E-08)
 (-2.4560266E-05,-4.1841610E-09)
 (4.4633339E-06,-3.3942451E-09)
 (4.7376178E-02,-2.8237702E-08)
 (0.2214667,-1.7644470E-07)
 (-1.1356854E-03,8.1182698E-08)
 (-0.2007464,-2.1630524E-07)
 (3.0608289E-03,1.1711826E-08)
 (0.4642964,3.3807743E-07)
 (-8.7417448E-06,2.0155548E-09)
 (-1.7143341E-02,-9.7978877E-08)
 (5.1056906E-03,3.3216541E-08)
 (3.5190329E-02,2.4880475E-07)
 (0.4209159,4.3821345E-07)
 (2.8066279E-03,-6.8242689E-10)
 (-8.8348567E-02,-1.5640265E-07)
 (8.4165424E-02,2.0313284E-07)
 (-0.3518436,-4.4846496E-07)
 (2.2655886E-05,1.2345258E-08)
 (1.609164,-1.4066698E-08)
 (2.0239211E-03,1.5126536E-08)
 (-6.5742739E-02,8.1300712E-08)
 (-2.7740476E-04,-3.7132189E-08)
 (-1.4201270E-03,-2.6671616E-08)
 (-0.1539153,-1.9176302E-07)
 (1.2495756E-03,9.6964058E-08)
 (0.4790784,3.2424902E-07)
 (-2.5985313E-03,6.4342678E-09)
 (9.8903101E-06,-1.7303387E-09)
 (-6.5536603E-02,-2.3722654E-08)
 (-5.3655901E-03,1.8525869E-08)
 (-0.5281225,-8.1378170E-07)
 (0.1300724,-9.7751595E-08)
 (-1.1869389E-05,-1.5095829E-08)
 (-3.0034056E-02,-5.3145005E-08)
 (0.1753617,7.2985934E-08)
 (0.1619463,1.8507247E-07)
 (-2.4609553E-05,3.7758223E-09)
 (2.0238624E-03,-2.5345930E-09)
 (1.623492,5.8412628E-08)
 (6.8244198E-04,2.7034416E-08)
 (-4.3458998E-02,-7.4833544E-08)
 (-0.5532367,-2.0366899E-07)
 (1.9838242E-04,5.2739515E-09)
 (5.5437662E-02,-7.9870240E-08)
 (-1.6250035E-04,2.8488412E-08)
 (0.1705736,1.0731813E-07)
 (-1.9514030E-06,-8.9686205E-09)
 (-1.9613309E-02,-1.1283902E-08)
 (6.0332343E-03,5.7999944E-08)
 (2.5744598E-02,1.5406303E-07)
 (0.1914051,1.9979467E-07)
 (3.3094885E-03,-1.4528639E-08)
 (2.5527274E-02,1.0871894E-07)
 (8.3893888E-02,-1.2397750E-07)
 (-0.1705902,-7.1525463E-08)
 (4.4630601E-06,9.3486587E-09)
 (-6.5742776E-02,-2.4318723E-08)
 (6.8240578E-04,-1.0818236E-08)
 (1.762252,-1.1920922E-07)
