# BASIS "cd basis" print
# FITTING  BASIS  SET: (4s)
# H
gaussian
 1 4 4
 1 1 1 1 
 0 0 0 0 
        4.5000000000E+01        1.0000000000E+00
        7.5000000000E+00        1.0000000000E+00
        1.5000000000E+00        1.0000000000E+00
        3.0000000000E-01        1.0000000000E+00
# FITTING  BASIS  SET: (4s)
# He
gaussian
 2 4 4
 1 1 1 1 
 0 0 0 0 
        5.4000000000E+01        1.0000000000E+00
        9.0000000000E+00        1.0000000000E+00
        1.8000000000E+00        1.0000000000E+00
        3.6000000000E-01        1.0000000000E+00
# FITTING  BASIS  SET: (7s,2p,1d)
# Li
gaussian
 3 10 10
 1 1 1 1 1 1 1 1 1 1 
 0 0 0 0 0 0 0 1 1 2 
        2.5600000000E+02        1.0000000000E+00
        5.1200000000E+01        1.0000000000E+00
        1.2800000000E+01        1.0000000000E+00
        3.2000000000E+00        1.0000000000E+00
        8.0000000000E-01        1.0000000000E+00
        5.0000000000E-02        1.0000000000E+00
        2.0000000000E-01        1.0000000000E+00
        5.0000000000E-02        1.0000000000E+00
        2.0000000000E-01        1.0000000000E+00
        2.0000000000E-01        1.0000000000E+00
# FITTING  BASIS  SET: (7s,2p,1d)
# Be
gaussian
 4 10 10
 1 1 1 1 1 1 1 1 1 1 
 0 0 0 0 0 0 0 1 1 2 
        5.1200000000E+02        1.0000000000E+00
        1.0300000000E+02        1.0000000000E+00
        2.5600000000E+01        1.0000000000E+00
        6.4000000000E+00        1.0000000000E+00
        1.6000000000E+00        1.0000000000E+00
        1.1000000000E-01        1.0000000000E+00
        4.0000000000E-01        1.0000000000E+00
        1.1000000000E-01        1.0000000000E+00
        4.0000000000E-01        1.0000000000E+00
        4.0000000000E-01        1.0000000000E+00
# FITTING  BASIS  SET: (7s,3p,3d)
# B
gaussian
 5 13 13
 1 1 1 1 1 1 1 1 1 1 1 1 1 
 0 0 0 0 0 0 0 1 1 1 2 2 2 
        7.1680000000E+02        1.0000000000E+00
        1.4340000000E+02        1.0000000000E+00
        3.5840000000E+01        1.0000000000E+00
        8.9600000000E+00        1.0000000000E+00
        2.8000000000E+00        1.0000000000E+00
        5.6000000000E-01        1.0000000000E+00
        1.4000000000E-01        1.0000000000E+00
        2.8000000000E+00        1.0000000000E+00
        5.6000000000E-01        1.0000000000E+00
        1.4000000000E-01        1.0000000000E+00
        2.8000000000E+00        1.0000000000E+00
        5.6000000000E-01        1.0000000000E+00
        1.4000000000E-01        1.0000000000E+00
# FITTING  BASIS  SET: (7s,3p,3d)
# C
gaussian
 6 13 13
 1 1 1 1 1 1 1 1 1 1 1 1 1 
 0 0 0 0 0 0 0 1 1 1 2 2 2 
        1.1140000000E+03        1.0000000000E+00
        2.2300000000E+02        1.0000000000E+00
        5.5720000000E+01        1.0000000000E+00
        1.3900000000E+01        1.0000000000E+00
        4.4000000000E+00        1.0000000000E+00
        8.7000000000E-01        1.0000000000E+00
        2.2000000000E-01        1.0000000000E+00
        4.4000000000E+00        1.0000000000E+00
        8.7000000000E-01        1.0000000000E+00
        2.2000000000E-01        1.0000000000E+00
        4.4000000000E+00        1.0000000000E+00
        8.7000000000E-01        1.0000000000E+00
        2.2000000000E-01        1.0000000000E+00
# FITTING  BASIS  SET: (7s,3p,3d)
# N
gaussian
 7 13 13
 1 1 1 1 1 1 1 1 1 1 1 1 1 
 0 0 0 0 0 0 0 1 1 1 2 2 2 
        1.6400000000E+03        1.0000000000E+00
        3.2800000000E+02        1.0000000000E+00
        8.2000000000E+01        1.0000000000E+00
        2.0500000000E+01        1.0000000000E+00
        6.4000000000E+00        1.0000000000E+00
        1.2800000000E+00        1.0000000000E+00
        3.2000000000E-01        1.0000000000E+00
        6.4000000000E+00        1.0000000000E+00
        1.2800000000E+00        1.0000000000E+00
        3.2000000000E-01        1.0000000000E+00
        6.4000000000E+00        1.0000000000E+00
        1.2800000000E+00        1.0000000000E+00
        3.2000000000E-01        1.0000000000E+00
# FITTING  BASIS  SET: (7s,3p,3d)
# O
gaussian
 8 13 13
 1 1 1 1 1 1 1 1 1 1 1 1 1 
 0 0 0 0 0 0 0 1 1 1 2 2 2 
        2.0000000000E+03        1.0000000000E+00
        4.0000000000E+02        1.0000000000E+00
        1.0000000000E+02        1.0000000000E+00
        2.5000000000E+01        1.0000000000E+00
        7.8000000000E+00        1.0000000000E+00
        1.5600000000E+00        1.0000000000E+00
        3.9000000000E-01        1.0000000000E+00
        7.8000000000E+00        1.0000000000E+00
        1.5600000000E+00        1.0000000000E+00
        3.9000000000E-01        1.0000000000E+00
        7.8000000000E+00        1.0000000000E+00
        1.5600000000E+00        1.0000000000E+00
        3.9000000000E-01        1.0000000000E+00
# FITTING  BASIS  SET: (7s,3p,3d)
# F
gaussian
 9 13 13
 1 1 1 1 1 1 1 1 1 1 1 1 1 
 0 0 0 0 0 0 0 1 1 1 2 2 2 
        2.4580000000E+03        1.0000000000E+00
        4.9200000000E+02        1.0000000000E+00
        1.2300000000E+02        1.0000000000E+00
        3.0700000000E+01        1.0000000000E+00
        9.6000000000E+00        1.0000000000E+00
        1.9200000000E+00        1.0000000000E+00
        4.8000000000E-01        1.0000000000E+00
        9.6000000000E+00        1.0000000000E+00
        1.9200000000E+00        1.0000000000E+00
        4.8000000000E-01        1.0000000000E+00
        9.6000000000E+00        1.0000000000E+00
        1.9200000000E+00        1.0000000000E+00
        4.8000000000E-01        1.0000000000E+00
# FITTING  BASIS  SET: (7s,3p,3d)
# Ne
gaussian
 10 13 13
 1 1 1 1 1 1 1 1 1 1 1 1 1 
 0 0 0 0 0 0 0 1 1 1 2 2 2 
        3.0720000000E+03        1.0000000000E+00
        6.1400000000E+02        1.0000000000E+00
        1.5360000000E+02        1.0000000000E+00
        3.8400000000E+01        1.0000000000E+00
        1.2000000000E+01        1.0000000000E+00
        2.4000000000E+00        1.0000000000E+00
        6.0000000000E-01        1.0000000000E+00
        1.2000000000E+01        1.0000000000E+00
        2.4000000000E+00        1.0000000000E+00
        6.0000000000E-01        1.0000000000E+00
        1.2000000000E+01        1.0000000000E+00
        2.4000000000E+00        1.0000000000E+00
        6.0000000000E-01        1.0000000000E+00
# FITTING  BASIS  SET: (9s,4p,3d)
# Na
gaussian
 11 16 16
 1 1 1 1 1 1 1 1 1 1 1 1 1 1 1 1 
 0 0 0 0 0 0 0 0 0 1 1 1 1 2 2 2 
        3.7000000000E+03        1.0000000000E+00
        7.3700000000E+02        1.0000000000E+00
        1.8400000000E+02        1.0000000000E+00
        4.6000000000E+01        1.0000000000E+00
        1.1500000000E+01        1.0000000000E+00
        4.7000000000E-02        1.0000000000E+00
        3.6000000000E+00        1.0000000000E+00
        7.2000000000E-01        1.0000000000E+00
        1.8000000000E-01        1.0000000000E+00
        4.7000000000E-02        1.0000000000E+00
        3.6000000000E+00        1.0000000000E+00
        7.2000000000E-01        1.0000000000E+00
        1.8000000000E-01        1.0000000000E+00
        3.6000000000E+00        1.0000000000E+00
        7.2000000000E-01        1.0000000000E+00
        1.8000000000E-01        1.0000000000E+00
# FITTING  BASIS  SET: (9s,4p,3d)
# Mg
gaussian
 12 16 16
 1 1 1 1 1 1 1 1 1 1 1 1 1 1 1 1 
 0 0 0 0 0 0 0 0 0 1 1 1 1 2 2 2 
        6.1400000000E+03        1.0000000000E+00
        1.2200000000E+03        1.0000000000E+00
        3.1000000000E+02        1.0000000000E+00
        7.7000000000E+01        1.0000000000E+00
        1.9000000000E+01        1.0000000000E+00
        8.0000000000E-02        1.0000000000E+00
        6.0000000000E+00        1.0000000000E+00
        1.2000000000E+00        1.0000000000E+00
        3.0000000000E-01        1.0000000000E+00
        8.0000000000E-02        1.0000000000E+00
        6.0000000000E+00        1.0000000000E+00
        1.2000000000E+00        1.0000000000E+00
        3.0000000000E-01        1.0000000000E+00
        6.0000000000E+00        1.0000000000E+00
        1.2000000000E+00        1.0000000000E+00
        3.0000000000E-01        1.0000000000E+00
# FITTING  BASIS  SET: (9s,4p,4d)
# Al
gaussian
 13 17 17
 1 1 1 1 1 1 1 1 1 1 1 1 1 1 1 1 1 
 0 0 0 0 0 0 0 0 0 1 1 1 1 2 2 2 2 
        6.8610000000E+03        1.0000000000E+00
        1.3720000000E+03        1.0000000000E+00
        3.4300000000E+02        1.0000000000E+00
        8.5800000000E+01        1.0000000000E+00
        2.1400000000E+01        1.0000000000E+00
        6.7200000000E+00        1.0000000000E+00
        1.3400000000E+00        1.0000000000E+00
        3.4000000000E-01        1.0000000000E+00
        8.4000000000E-02        1.0000000000E+00
        6.7200000000E+00        1.0000000000E+00
        1.3400000000E+00        1.0000000000E+00
        3.4000000000E-01        1.0000000000E+00
        8.4000000000E-02        1.0000000000E+00
        6.7200000000E+00        1.0000000000E+00
        1.3400000000E+00        1.0000000000E+00
        3.4000000000E-01        1.0000000000E+00
        8.4000000000E-02        1.0000000000E+00
# FITTING  BASIS  SET: (9s,4p,4d)
# Si
gaussian
 14 17 17
 1 1 1 1 1 1 1 1 1 1 1 1 1 1 1 1 1 
 0 0 0 0 0 0 0 0 0 1 1 1 1 2 2 2 2 
        9.8300000000E+03        1.0000000000E+00
        1.9660000000E+03        1.0000000000E+00
        4.9200000000E+02        1.0000000000E+00
        1.2300000000E+02        1.0000000000E+00
        3.0720000000E+01        1.0000000000E+00
        9.6000000000E+00        1.0000000000E+00
        1.9200000000E+00        1.0000000000E+00
        4.8000000000E-01        1.0000000000E+00
        1.2000000000E-01        1.0000000000E+00
        9.6000000000E+00        1.0000000000E+00
        1.9200000000E+00        1.0000000000E+00
        4.8000000000E-01        1.0000000000E+00
        1.2000000000E-01        1.0000000000E+00
        9.6000000000E+00        1.0000000000E+00
        1.9200000000E+00        1.0000000000E+00
        4.8000000000E-01        1.0000000000E+00
        1.2000000000E-01        1.0000000000E+00
# FITTING  BASIS  SET: (9s,4p,4d)
# P
gaussian
 15 17 17
 1 1 1 1 1 1 1 1 1 1 1 1 1 1 1 1 1 
 0 0 0 0 0 0 0 0 0 1 1 1 1 2 2 2 2 
        1.3107000000E+04        1.0000000000E+00
        2.6210000000E+03        1.0000000000E+00
        6.5500000000E+02        1.0000000000E+00
        1.6400000000E+02        1.0000000000E+00
        4.1000000000E+01        1.0000000000E+00
        1.3000000000E+01        1.0000000000E+00
        2.6000000000E+00        1.0000000000E+00
        6.4000000000E-01        1.0000000000E+00
        1.6000000000E-01        1.0000000000E+00
        1.3000000000E+01        1.0000000000E+00
        2.6000000000E+00        1.0000000000E+00
        6.4000000000E-01        1.0000000000E+00
        1.6000000000E-01        1.0000000000E+00
        1.3000000000E+01        1.0000000000E+00
        2.6000000000E+00        1.0000000000E+00
        6.4000000000E-01        1.0000000000E+00
        1.6000000000E-01        1.0000000000E+00
# FITTING  BASIS  SET: (9s,4p,4d)
# S
gaussian
 16 17 17
 1 1 1 1 1 1 1 1 1 1 1 1 1 1 1 1 1 
 0 0 0 0 0 0 0 0 0 1 1 1 1 2 2 2 2 
        1.6384000000E+04        1.0000000000E+00
        3.2770000000E+03        1.0000000000E+00
        8.1900000000E+02        1.0000000000E+00
        2.0500000000E+02        1.0000000000E+00
        5.1000000000E+01        1.0000000000E+00
        1.6000000000E+01        1.0000000000E+00
        3.2000000000E+00        1.0000000000E+00
        8.0000000000E-01        1.0000000000E+00
        2.0000000000E-01        1.0000000000E+00
        1.6000000000E+01        1.0000000000E+00
        3.2000000000E+00        1.0000000000E+00
        8.0000000000E-01        1.0000000000E+00
        2.0000000000E-01        1.0000000000E+00
        1.6000000000E+01        1.0000000000E+00
        3.2000000000E+00        1.0000000000E+00
        8.0000000000E-01        1.0000000000E+00
        2.0000000000E-01        1.0000000000E+00
# FITTING  BASIS  SET: (9s,4p,4d)
# Cl
gaussian
 17 17 17
 1 1 1 1 1 1 1 1 1 1 1 1 1 1 1 1 1 
 0 0 0 0 0 0 0 0 0 1 1 1 1 2 2 2 2 
        2.0480000000E+04        1.0000000000E+00
        4.0960000000E+03        1.0000000000E+00
        1.0240000000E+03        1.0000000000E+00
        2.5600000000E+02        1.0000000000E+00
        6.4000000000E+01        1.0000000000E+00
        2.0000000000E+01        1.0000000000E+00
        4.0000000000E+00        1.0000000000E+00
        1.0000000000E+00        1.0000000000E+00
        2.5000000000E-01        1.0000000000E+00
        2.0000000000E+01        1.0000000000E+00
        4.0000000000E+00        1.0000000000E+00
        1.0000000000E+00        1.0000000000E+00
        2.5000000000E-01        1.0000000000E+00
        2.0000000000E+01        1.0000000000E+00
        4.0000000000E+00        1.0000000000E+00
        1.0000000000E+00        1.0000000000E+00
        2.5000000000E-01        1.0000000000E+00
# FITTING  BASIS  SET: (9s,4p,4d)
# Ar
gaussian
 18 17 17
 1 1 1 1 1 1 1 1 1 1 1 1 1 1 1 1 1 
 0 0 0 0 0 0 0 0 0 1 1 1 1 2 2 2 2 
        2.4576000000E+04        1.0000000000E+00
        4.9150000000E+03        1.0000000000E+00
        1.2290000000E+03        1.0000000000E+00
        3.0700000000E+02        1.0000000000E+00
        7.7000000000E+01        1.0000000000E+00
        2.4000000000E+01        1.0000000000E+00
        4.8000000000E+00        1.0000000000E+00
        1.2000000000E+00        1.0000000000E+00
        3.0000000000E-01        1.0000000000E+00
        2.4000000000E+01        1.0000000000E+00
        4.8000000000E+00        1.0000000000E+00
        1.2000000000E+00        1.0000000000E+00
        3.0000000000E-01        1.0000000000E+00
        2.4000000000E+01        1.0000000000E+00
        4.8000000000E+00        1.0000000000E+00
        1.2000000000E+00        1.0000000000E+00
        3.0000000000E-01        1.0000000000E+00
# FITTING  BASIS  SET: (10s,5p,4d)
# K
gaussian
 19 19 19
 1 1 1 1 1 1 1 1 1 1 1 1 1 1 1 1 1 1 1 
 0 0 0 0 0 0 0 0 0 0 1 1 1 1 1 2 2 2 2 
        1.0000000000E+04        1.0000000000E+00
        2.0000000000E+03        1.0000000000E+00
        4.9000000000E+02        1.0000000000E+00
        1.2200000000E+02        1.0000000000E+00
        3.0700000000E+01        1.0000000000E+00
        3.5000000000E-02        1.0000000000E+00
        9.6000000000E+00        1.0000000000E+00
        1.9200000000E+00        1.0000000000E+00
        4.8000000000E-01        1.0000000000E+00
        1.2000000000E-01        1.0000000000E+00
        3.5000000000E-02        1.0000000000E+00
        9.6000000000E+00        1.0000000000E+00
        1.9200000000E+00        1.0000000000E+00
        4.8000000000E-01        1.0000000000E+00
        1.2000000000E-01        1.0000000000E+00
        9.6000000000E+00        1.0000000000E+00
        1.9200000000E+00        1.0000000000E+00
        4.8000000000E-01        1.0000000000E+00
        1.2000000000E-01        1.0000000000E+00
# FITTING  BASIS  SET: (10s,5p,4d)
# Ca
gaussian
 20 19 19
 1 1 1 1 1 1 1 1 1 1 1 1 1 1 1 1 1 1 1 
 0 0 0 0 0 0 0 0 0 0 1 1 1 1 1 2 2 2 2 
        1.3900000000E+04        1.0000000000E+00
        2.8000000000E+03        1.0000000000E+00
        7.0000000000E+02        1.0000000000E+00
        1.7400000000E+02        1.0000000000E+00
        4.3500000000E+01        1.0000000000E+00
        5.4000000000E-02        1.0000000000E+00
        1.3600000000E+01        1.0000000000E+00
        2.7200000000E+00        1.0000000000E+00
        6.8000000000E-01        1.0000000000E+00
        1.7000000000E-01        1.0000000000E+00
        5.4000000000E-02        1.0000000000E+00
        1.3600000000E+01        1.0000000000E+00
        2.7200000000E+00        1.0000000000E+00
        6.8000000000E-01        1.0000000000E+00
        1.7000000000E-01        1.0000000000E+00
        1.3600000000E+01        1.0000000000E+00
        2.7200000000E+00        1.0000000000E+00
        6.8000000000E-01        1.0000000000E+00
        1.7000000000E-01        1.0000000000E+00
# FITTING  BASIS  SET: (10s,5p,5d)
# Sc
gaussian
 21 20 20
 1 1 1 1 1 1 1 1 1 1 1 1 1 1 1 1 1 1 1 1 
 0 0 0 0 0 0 0 0 0 0 1 1 1 1 1 2 2 2 2 2 
        2.1000000000E+04        1.0000000000E+00
        4.2000000000E+03        1.0000000000E+00
        1.0500000000E+03        1.0000000000E+00
        2.6240000000E+02        1.0000000000E+00
        6.5600000000E+01        1.0000000000E+00
        2.0500000000E+01        1.0000000000E+00
        4.1000000000E+00        1.0000000000E+00
        1.0300000000E+00        1.0000000000E+00
        2.5600000000E-01        1.0000000000E+00
        6.4000000000E-02        1.0000000000E+00
        2.0500000000E+01        1.0000000000E+00
        4.1000000000E+00        1.0000000000E+00
        1.0300000000E+00        1.0000000000E+00
        2.5600000000E-01        1.0000000000E+00
        6.4000000000E-02        1.0000000000E+00
        2.0500000000E+01        1.0000000000E+00
        4.1000000000E+00        1.0000000000E+00
        1.0300000000E+00        1.0000000000E+00
        2.5600000000E-01        1.0000000000E+00
        6.4000000000E-02        1.0000000000E+00
# FITTING  BASIS  SET: (10s,5p,5d)
# Ti
gaussian
 22 20 20
 1 1 1 1 1 1 1 1 1 1 1 1 1 1 1 1 1 1 1 1 
 0 0 0 0 0 0 0 0 0 0 1 1 1 1 1 2 2 2 2 2 
        2.8000000000E+04        1.0000000000E+00
        5.6000000000E+03        1.0000000000E+00
        1.4000000000E+03        1.0000000000E+00
        3.4800000000E+02        1.0000000000E+00
        8.7000000000E+01        1.0000000000E+00
        2.7200000000E+01        1.0000000000E+00
        5.4400000000E+00        1.0000000000E+00
        1.3600000000E+00        1.0000000000E+00
        3.4000000000E-01        1.0000000000E+00
        8.4000000000E-02        1.0000000000E+00
        2.7200000000E+01        1.0000000000E+00
        5.4400000000E+00        1.0000000000E+00
        1.3600000000E+00        1.0000000000E+00
        3.4000000000E-01        1.0000000000E+00
        8.4000000000E-02        1.0000000000E+00
        2.7200000000E+01        1.0000000000E+00
        5.4400000000E+00        1.0000000000E+00
        1.3600000000E+00        1.0000000000E+00
        3.4000000000E-01        1.0000000000E+00
        8.4000000000E-02        1.0000000000E+00
# FITTING  BASIS  SET: (10s,5p,5d)
# V
gaussian
 23 20 20
 1 1 1 1 1 1 1 1 1 1 1 1 1 1 1 1 1 1 1 1 
 0 0 0 0 0 0 0 0 0 0 1 1 1 1 1 2 2 2 2 2 
        3.3100000000E+04        1.0000000000E+00
        6.6200000000E+03        1.0000000000E+00
        1.6500000000E+03        1.0000000000E+00
        4.1400000000E+02        1.0000000000E+00
        1.0300000000E+02        1.0000000000E+00
        3.2000000000E+01        1.0000000000E+00
        6.4600000000E+00        1.0000000000E+00
        1.6100000000E+00        1.0000000000E+00
        4.0400000000E-01        1.0000000000E+00
        1.0100000000E-01        1.0000000000E+00
        3.2000000000E+01        1.0000000000E+00
        6.4600000000E+00        1.0000000000E+00
        1.6100000000E+00        1.0000000000E+00
        4.0400000000E-01        1.0000000000E+00
        1.0100000000E-01        1.0000000000E+00
        3.2000000000E+01        1.0000000000E+00
        6.4600000000E+00        1.0000000000E+00
        1.6100000000E+00        1.0000000000E+00
        4.0400000000E-01        1.0000000000E+00
        1.0100000000E-01        1.0000000000E+00
# FITTING  BASIS  SET: (10s,5p,5d)
# Cr
gaussian
 24 20 20
 1 1 1 1 1 1 1 1 1 1 1 1 1 1 1 1 1 1 1 1 
 0 0 0 0 0 0 0 0 0 0 1 1 1 1 1 2 2 2 2 2 
        3.7000000000E+04        1.0000000000E+00
        7.5300000000E+03        1.0000000000E+00
        1.8800000000E+03        1.0000000000E+00
        4.7100000000E+02        1.0000000000E+00
        1.1700000000E+02        1.0000000000E+00
        3.6800000000E+01        1.0000000000E+00
        7.3600000000E+00        1.0000000000E+00
        1.8400000000E+00        1.0000000000E+00
        4.6000000000E-01        1.0000000000E+00
        1.1500000000E-01        1.0000000000E+00
        3.6800000000E+01        1.0000000000E+00
        7.3600000000E+00        1.0000000000E+00
        1.8400000000E+00        1.0000000000E+00
        4.6000000000E-01        1.0000000000E+00
        1.1500000000E-01        1.0000000000E+00
        3.6800000000E+01        1.0000000000E+00
        7.3600000000E+00        1.0000000000E+00
        1.8400000000E+00        1.0000000000E+00
        4.6000000000E-01        1.0000000000E+00
        1.1500000000E-01        1.0000000000E+00
# FITTING  BASIS  SET: (10s,5p,5d)
# Mn
gaussian
 25 20 20
 1 1 1 1 1 1 1 1 1 1 1 1 1 1 1 1 1 1 1 1 
 0 0 0 0 0 0 0 0 0 0 1 1 1 1 1 2 2 2 2 2 
        4.1000000000E+04        1.0000000000E+00
        8.2000000000E+03        1.0000000000E+00
        2.0500000000E+03        1.0000000000E+00
        5.1000000000E+02        1.0000000000E+00
        1.2800000000E+02        1.0000000000E+00
        4.0000000000E+01        1.0000000000E+00
        8.0000000000E+00        1.0000000000E+00
        2.0000000000E+00        1.0000000000E+00
        5.0000000000E-01        1.0000000000E+00
        1.2500000000E-01        1.0000000000E+00
        4.0000000000E+01        1.0000000000E+00
        8.0000000000E+00        1.0000000000E+00
        2.0000000000E+00        1.0000000000E+00
        5.0000000000E-01        1.0000000000E+00
        1.2500000000E-01        1.0000000000E+00
        4.0000000000E+01        1.0000000000E+00
        8.0000000000E+00        1.0000000000E+00
        2.0000000000E+00        1.0000000000E+00
        5.0000000000E-01        1.0000000000E+00
        1.2500000000E-01        1.0000000000E+00
# FITTING  BASIS  SET: (10s,5p,5d)
# Fe
gaussian
 26 20 20
 1 1 1 1 1 1 1 1 1 1 1 1 1 1 1 1 1 1 1 1 
 0 0 0 0 0 0 0 0 0 0 1 1 1 1 1 2 2 2 2 2 
        4.4000000000E+04        1.0000000000E+00
        8.8000000000E+03        1.0000000000E+00
        2.2000000000E+03        1.0000000000E+00
        5.5000000000E+02        1.0000000000E+00
        1.3700000000E+02        1.0000000000E+00
        4.3200000000E+01        1.0000000000E+00
        8.6000000000E+00        1.0000000000E+00
        2.2000000000E+00        1.0000000000E+00
        5.4000000000E-01        1.0000000000E+00
        1.3500000000E-01        1.0000000000E+00
        4.3200000000E+01        1.0000000000E+00
        8.6000000000E+00        1.0000000000E+00
        2.2000000000E+00        1.0000000000E+00
        5.4000000000E-01        1.0000000000E+00
        1.3500000000E-01        1.0000000000E+00
        4.3200000000E+01        1.0000000000E+00
        8.6000000000E+00        1.0000000000E+00
        2.2000000000E+00        1.0000000000E+00
        5.4000000000E-01        1.0000000000E+00
        1.3500000000E-01        1.0000000000E+00
# FITTING  BASIS  SET: (10s,5p,5d)
# Co
gaussian
 27 20 20
 1 1 1 1 1 1 1 1 1 1 1 1 1 1 1 1 1 1 1 1 
 0 0 0 0 0 0 0 0 0 0 1 1 1 1 1 2 2 2 2 2 
        4.7000000000E+04        1.0000000000E+00
        9.4000000000E+03        1.0000000000E+00
        2.3500000000E+03        1.0000000000E+00
        5.9000000000E+02        1.0000000000E+00
        1.4700000000E+02        1.0000000000E+00
        4.6000000000E+01        1.0000000000E+00
        9.2000000000E+00        1.0000000000E+00
        2.3000000000E+00        1.0000000000E+00
        5.8000000000E-01        1.0000000000E+00
        1.4400000000E-01        1.0000000000E+00
        4.6000000000E+01        1.0000000000E+00
        9.2000000000E+00        1.0000000000E+00
        2.3000000000E+00        1.0000000000E+00
        5.8000000000E-01        1.0000000000E+00
        1.4400000000E-01        1.0000000000E+00
        4.6000000000E+01        1.0000000000E+00
        9.2000000000E+00        1.0000000000E+00
        2.3000000000E+00        1.0000000000E+00
        5.8000000000E-01        1.0000000000E+00
        1.4400000000E-01        1.0000000000E+00
# FITTING  BASIS  SET: (10s,5p,5d)
# Ni
gaussian
 28 20 20
 1 1 1 1 1 1 1 1 1 1 1 1 1 1 1 1 1 1 1 1 
 0 0 0 0 0 0 0 0 0 0 1 1 1 1 1 2 2 2 2 2 
        5.0000000000E+04        1.0000000000E+00
        9.9300000000E+03        1.0000000000E+00
        2.5000000000E+03        1.0000000000E+00
        6.2000000000E+02        1.0000000000E+00
        1.5500000000E+02        1.0000000000E+00
        4.8000000000E+01        1.0000000000E+00
        9.7000000000E+00        1.0000000000E+00
        2.4000000000E+00        1.0000000000E+00
        6.0000000000E-01        1.0000000000E+00
        1.5200000000E-01        1.0000000000E+00
        4.8000000000E+01        1.0000000000E+00
        9.7000000000E+00        1.0000000000E+00
        2.4000000000E+00        1.0000000000E+00
        6.0000000000E-01        1.0000000000E+00
        1.5200000000E-01        1.0000000000E+00
        4.8000000000E+01        1.0000000000E+00
        9.7000000000E+00        1.0000000000E+00
        2.4000000000E+00        1.0000000000E+00
        6.0000000000E-01        1.0000000000E+00
        1.5200000000E-01        1.0000000000E+00
# FITTING  BASIS  SET: (10s,5p,5d)
# Cu
gaussian
 29 20 20
 1 1 1 1 1 1 1 1 1 1 1 1 1 1 1 1 1 1 1 1 
 0 0 0 0 0 0 0 0 0 0 1 1 1 1 1 2 2 2 2 2 
        5.3000000000E+04        1.0000000000E+00
        1.0500000000E+04        1.0000000000E+00
        2.6400000000E+03        1.0000000000E+00
        6.6000000000E+02        1.0000000000E+00
        1.6500000000E+02        1.0000000000E+00
        5.1000000000E+01        1.0000000000E+00
        1.0300000000E+01        1.0000000000E+00
        2.5700000000E+00        1.0000000000E+00
        6.4000000000E-01        1.0000000000E+00
        1.6000000000E-01        1.0000000000E+00
        5.1000000000E+01        1.0000000000E+00
        1.0300000000E+01        1.0000000000E+00
        2.5700000000E+00        1.0000000000E+00
        6.4000000000E-01        1.0000000000E+00
        1.6000000000E-01        1.0000000000E+00
        5.1000000000E+01        1.0000000000E+00
        1.0300000000E+01        1.0000000000E+00
        2.5700000000E+00        1.0000000000E+00
        6.4000000000E-01        1.0000000000E+00
        1.6000000000E-01        1.0000000000E+00
# FITTING  BASIS  SET: (10s,5p,5d)
# Zn
gaussian
 30 20 20
 1 1 1 1 1 1 1 1 1 1 1 1 1 1 1 1 1 1 1 1 
 0 0 0 0 0 0 0 0 0 0 1 1 1 1 1 2 2 2 2 2 
        7.5500000000E+04        1.0000000000E+00
        1.5100000000E+04        1.0000000000E+00
        3.7760000000E+03        1.0000000000E+00
        9.4400000000E+02        1.0000000000E+00
        2.3600000000E+02        1.0000000000E+00
        7.4000000000E+01        1.0000000000E+00
        1.4800000000E+01        1.0000000000E+00
        3.7000000000E+00        1.0000000000E+00
        9.2000000000E-01        1.0000000000E+00
        2.3000000000E-01        1.0000000000E+00
        7.4000000000E+01        1.0000000000E+00
        1.4800000000E+01        1.0000000000E+00
        3.7000000000E+00        1.0000000000E+00
        9.2000000000E-01        1.0000000000E+00
        2.3000000000E-01        1.0000000000E+00
        7.4000000000E+01        1.0000000000E+00
        1.4800000000E+01        1.0000000000E+00
        3.7000000000E+00        1.0000000000E+00
        9.2000000000E-01        1.0000000000E+00
        2.3000000000E-01        1.0000000000E+00
# FITTING  BASIS  SET: (10s,5p,5d)
# Ga
gaussian
 31 20 20
 1 1 1 1 1 1 1 1 1 1 1 1 1 1 1 1 1 1 1 1 
 0 0 0 0 0 0 0 0 0 0 1 1 1 1 1 2 2 2 2 2 
        2.6880000000E+04        1.0000000000E+00
        5.3760000000E+03        1.0000000000E+00
        1.3440000000E+03        1.0000000000E+00
        3.3600000000E+02        1.0000000000E+00
        8.4000000000E+01        1.0000000000E+00
        2.6200000000E+01        1.0000000000E+00
        5.2500000000E+00        1.0000000000E+00
        1.3100000000E+00        1.0000000000E+00
        3.3000000000E-01        1.0000000000E+00
        8.2000000000E-02        1.0000000000E+00
        2.6200000000E+01        1.0000000000E+00
        5.2500000000E+00        1.0000000000E+00
        1.3100000000E+00        1.0000000000E+00
        3.3000000000E-01        1.0000000000E+00
        8.2000000000E-02        1.0000000000E+00
        2.6200000000E+01        1.0000000000E+00
        5.2500000000E+00        1.0000000000E+00
        1.3100000000E+00        1.0000000000E+00
        3.3000000000E-01        1.0000000000E+00
        8.2000000000E-02        1.0000000000E+00
# FITTING  BASIS  SET: (10s,5p,5d)
# Ge
gaussian
 32 20 20
 1 1 1 1 1 1 1 1 1 1 1 1 1 1 1 1 1 1 1 1 
 0 0 0 0 0 0 0 0 0 0 1 1 1 1 1 2 2 2 2 2 
        3.6032000000E+04        1.0000000000E+00
        7.2060000000E+03        1.0000000000E+00
        1.8020000000E+03        1.0000000000E+00
        4.5000000000E+02        1.0000000000E+00
        1.1300000000E+02        1.0000000000E+00
        3.5200000000E+01        1.0000000000E+00
        7.0400000000E+00        1.0000000000E+00
        1.7600000000E+00        1.0000000000E+00
        4.4000000000E-01        1.0000000000E+00
        1.1000000000E-01        1.0000000000E+00
        3.5200000000E+01        1.0000000000E+00
        7.0400000000E+00        1.0000000000E+00
        1.7600000000E+00        1.0000000000E+00
        4.4000000000E-01        1.0000000000E+00
        1.1000000000E-01        1.0000000000E+00
        3.5200000000E+01        1.0000000000E+00
        7.0400000000E+00        1.0000000000E+00
        1.7600000000E+00        1.0000000000E+00
        4.4000000000E-01        1.0000000000E+00
        1.1000000000E-01        1.0000000000E+00
# FITTING  BASIS  SET: (10s,5p,5d)
# As
gaussian
 33 20 20
 1 1 1 1 1 1 1 1 1 1 1 1 1 1 1 1 1 1 1 1 
 0 0 0 0 0 0 0 0 0 0 1 1 1 1 1 2 2 2 2 2 
        4.5760000000E+04        1.0000000000E+00
        9.1520000000E+03        1.0000000000E+00
        2.2880000000E+03        1.0000000000E+00
        5.7200000000E+02        1.0000000000E+00
        1.4300000000E+02        1.0000000000E+00
        4.4800000000E+01        1.0000000000E+00
        8.9600000000E+00        1.0000000000E+00
        2.2400000000E+00        1.0000000000E+00
        5.6000000000E-01        1.0000000000E+00
        1.4000000000E-01        1.0000000000E+00
        4.4800000000E+01        1.0000000000E+00
        8.9600000000E+00        1.0000000000E+00
        2.2400000000E+00        1.0000000000E+00
        5.6000000000E-01        1.0000000000E+00
        1.4000000000E-01        1.0000000000E+00
        4.4800000000E+01        1.0000000000E+00
        8.9600000000E+00        1.0000000000E+00
        2.2400000000E+00        1.0000000000E+00
        5.6000000000E-01        1.0000000000E+00
        1.4000000000E-01        1.0000000000E+00
# FITTING  BASIS  SET: (10s,5p,5d)
# Se
gaussian
 34 20 20
 1 1 1 1 1 1 1 1 1 1 1 1 1 1 1 1 1 1 1 1 
 0 0 0 0 0 0 0 0 0 0 1 1 1 1 1 2 2 2 2 2 
        5.2160000000E+04        1.0000000000E+00
        1.0432000000E+04        1.0000000000E+00
        2.6080000000E+03        1.0000000000E+00
        6.5200000000E+02        1.0000000000E+00
        1.6300000000E+02        1.0000000000E+00
        5.1000000000E+01        1.0000000000E+00
        1.0200000000E+01        1.0000000000E+00
        2.5600000000E+00        1.0000000000E+00
        6.4000000000E-01        1.0000000000E+00
        1.6000000000E-01        1.0000000000E+00
        5.1000000000E+01        1.0000000000E+00
        1.0200000000E+01        1.0000000000E+00
        2.5600000000E+00        1.0000000000E+00
        6.4000000000E-01        1.0000000000E+00
        1.6000000000E-01        1.0000000000E+00
        5.1000000000E+01        1.0000000000E+00
        1.0200000000E+01        1.0000000000E+00
        2.5600000000E+00        1.0000000000E+00
        6.4000000000E-01        1.0000000000E+00
        1.6000000000E-01        1.0000000000E+00
# FITTING  BASIS  SET: (10s,5p,5d)
# Br
gaussian
 35 20 20
 1 1 1 1 1 1 1 1 1 1 1 1 1 1 1 1 1 1 1 1 
 0 0 0 0 0 0 0 0 0 0 1 1 1 1 1 2 2 2 2 2 
        6.2480000000E+04        1.0000000000E+00
        1.2496000000E+04        1.0000000000E+00
        3.1230000000E+03        1.0000000000E+00
        7.8100000000E+02        1.0000000000E+00
        1.9500000000E+02        1.0000000000E+00
        6.0800000000E+01        1.0000000000E+00
        1.2200000000E+01        1.0000000000E+00
        3.0400000000E+00        1.0000000000E+00
        7.6000000000E-01        1.0000000000E+00
        1.9000000000E-01        1.0000000000E+00
        6.0800000000E+01        1.0000000000E+00
        1.2200000000E+01        1.0000000000E+00
        3.0400000000E+00        1.0000000000E+00
        7.6000000000E-01        1.0000000000E+00
        1.9000000000E-01        1.0000000000E+00
        6.0800000000E+01        1.0000000000E+00
        1.2200000000E+01        1.0000000000E+00
        3.0400000000E+00        1.0000000000E+00
        7.6000000000E-01        1.0000000000E+00
        1.9000000000E-01        1.0000000000E+00
# FITTING  BASIS  SET: (10s,5p,5d)
# Kr
gaussian
 36 20 20
 1 1 1 1 1 1 1 1 1 1 1 1 1 1 1 1 1 1 1 1 
 0 0 0 0 0 0 0 0 0 0 1 1 1 1 1 2 2 2 2 2 
        7.2320000000E+04        1.0000000000E+00
        1.4464000000E+04        1.0000000000E+00
        3.6160000000E+03        1.0000000000E+00
        9.0400000000E+02        1.0000000000E+00
        2.2600000000E+02        1.0000000000E+00
        7.0500000000E+01        1.0000000000E+00
        1.4100000000E+01        1.0000000000E+00
        3.5200000000E+00        1.0000000000E+00
        8.8000000000E-01        1.0000000000E+00
        2.2000000000E-01        1.0000000000E+00
        7.0500000000E+01        1.0000000000E+00
        1.4100000000E+01        1.0000000000E+00
        3.5200000000E+00        1.0000000000E+00
        8.8000000000E-01        1.0000000000E+00
        2.2000000000E-01        1.0000000000E+00
        7.0500000000E+01        1.0000000000E+00
        1.4100000000E+01        1.0000000000E+00
        3.5200000000E+00        1.0000000000E+00
        8.8000000000E-01        1.0000000000E+00
        2.2000000000E-01        1.0000000000E+00
# FITTING  BASIS  SET: (11s,6p,5d)
# Rb
gaussian
 37 22 22
 1 1 1 1 1 1 1 1 1 1 1 1 1 1 1 1 1 1 1 1 1 1 
 0 0 0 0 0 0 0 0 0 0 0 1 1 1 1 1 1 2 2 2 2 2 
        4.0000000000E+04        1.0000000000E+00
        8.2000000000E+03        1.0000000000E+00
        2.0500000000E+03        1.0000000000E+00
        5.1200000000E+02        1.0000000000E+00
        1.2800000000E+02        1.0000000000E+00
        3.2000000000E-02        1.0000000000E+00
        4.0000000000E+01        1.0000000000E+00
        8.0000000000E+00        1.0000000000E+00
        2.0000000000E+00        1.0000000000E+00
        5.1020000000E-01        1.0000000000E+00
        1.2800000000E-01        1.0000000000E+00
        3.2000000000E-02        1.0000000000E+00
        4.0000000000E+01        1.0000000000E+00
        8.0000000000E+00        1.0000000000E+00
        2.0000000000E+00        1.0000000000E+00
        5.1020000000E-01        1.0000000000E+00
        1.2800000000E-01        1.0000000000E+00
        4.0000000000E+01        1.0000000000E+00
        8.0000000000E+00        1.0000000000E+00
        2.0000000000E+00        1.0000000000E+00
        5.1020000000E-01        1.0000000000E+00
        1.2800000000E-01        1.0000000000E+00
# FITTING  BASIS  SET: (11s,6p,5d)
# Sr
gaussian
 38 22 22
 1 1 1 1 1 1 1 1 1 1 1 1 1 1 1 1 1 1 1 1 1 1 
 0 0 0 0 0 0 0 0 0 0 0 1 1 1 1 1 1 2 2 2 2 2 
        6.0000000000E+04        1.0000000000E+00
        1.2300000000E+04        1.0000000000E+00
        3.1000000000E+03        1.0000000000E+00
        7.7000000000E+02        1.0000000000E+00
        1.9200000000E+02        1.0000000000E+00
        4.7000000000E-02        1.0000000000E+00
        6.0000000000E+01        1.0000000000E+00
        1.2000000000E+01        1.0000000000E+00
        3.0000000000E+00        1.0000000000E+00
        7.5220000000E-01        1.0000000000E+00
        1.8800000000E-01        1.0000000000E+00
        4.7000000000E-02        1.0000000000E+00
        6.0000000000E+01        1.0000000000E+00
        1.2000000000E+01        1.0000000000E+00
        3.0000000000E+00        1.0000000000E+00
        7.5220000000E-01        1.0000000000E+00
        1.8800000000E-01        1.0000000000E+00
        6.0000000000E+01        1.0000000000E+00
        1.2000000000E+01        1.0000000000E+00
        3.0000000000E+00        1.0000000000E+00
        7.5220000000E-01        1.0000000000E+00
        1.8800000000E-01        1.0000000000E+00
# FITTING  BASIS  SET: (10s,5p,5d)
# Y
gaussian
 39 20 20
 1 1 1 1 1 1 1 1 1 1 1 1 1 1 1 1 1 1 1 1 
 0 0 0 0 0 0 0 0 0 0 1 1 1 1 1 2 2 2 2 2 
        1.2187500000E+05        1.0000000000E+00
        2.0312000000E+04        1.0000000000E+00
        4.0620000000E+03        1.0000000000E+00
        8.1200000000E+02        1.0000000000E+00
        1.6200000000E+02        1.0000000000E+00
        3.9000000000E+01        1.0000000000E+00
        6.5000000000E+00        1.0000000000E+00
        1.3000000000E+00        1.0000000000E+00
        2.6000000000E-01        1.0000000000E+00
        5.2000000000E-02        1.0000000000E+00
        3.9000000000E+01        1.0000000000E+00
        6.5000000000E+00        1.0000000000E+00
        1.3000000000E+00        1.0000000000E+00
        2.6000000000E-01        1.0000000000E+00
        5.2000000000E-02        1.0000000000E+00
        3.9000000000E+01        1.0000000000E+00
        6.5000000000E+00        1.0000000000E+00
        1.3000000000E+00        1.0000000000E+00
        2.6000000000E-01        1.0000000000E+00
        5.2000000000E-02        1.0000000000E+00
# FITTING  BASIS  SET: (10s,5p,5d)
# Zr
gaussian
 40 20 20
 1 1 1 1 1 1 1 1 1 1 1 1 1 1 1 1 1 1 1 1 
 0 0 0 0 0 0 0 0 0 0 1 1 1 1 1 2 2 2 2 2 
        1.3837500000E+05        1.0000000000E+00
        2.3062000000E+04        1.0000000000E+00
        4.6120000000E+03        1.0000000000E+00
        9.2200000000E+02        1.0000000000E+00
        1.8400000000E+02        1.0000000000E+00
        4.4200000000E+01        1.0000000000E+00
        7.3800000000E+00        1.0000000000E+00
        1.4800000000E+00        1.0000000000E+00
        2.9500000000E-01        1.0000000000E+00
        5.9000000000E-02        1.0000000000E+00
        4.4200000000E+01        1.0000000000E+00
        7.3800000000E+00        1.0000000000E+00
        1.4800000000E+00        1.0000000000E+00
        2.9500000000E-01        1.0000000000E+00
        5.9000000000E-02        1.0000000000E+00
        4.4200000000E+01        1.0000000000E+00
        7.3800000000E+00        1.0000000000E+00
        1.4800000000E+00        1.0000000000E+00
        2.9500000000E-01        1.0000000000E+00
        5.9000000000E-02        1.0000000000E+00
# FITTING  BASIS  SET: (10s,5p,5d)
# Nb
gaussian
 41 20 20
 1 1 1 1 1 1 1 1 1 1 1 1 1 1 1 1 1 1 1 1 
 0 0 0 0 0 0 0 0 0 0 1 1 1 1 1 2 2 2 2 2 
        1.5093800000E+05        1.0000000000E+00
        2.5156000000E+04        1.0000000000E+00
        5.0310000000E+03        1.0000000000E+00
        1.0060000000E+03        1.0000000000E+00
        2.0100000000E+02        1.0000000000E+00
        4.8300000000E+01        1.0000000000E+00
        8.0500000000E+00        1.0000000000E+00
        1.6100000000E+00        1.0000000000E+00
        3.2200000000E-01        1.0000000000E+00
        6.4000000000E-02        1.0000000000E+00
        4.8300000000E+01        1.0000000000E+00
        8.0500000000E+00        1.0000000000E+00
        1.6100000000E+00        1.0000000000E+00
        3.2200000000E-01        1.0000000000E+00
        6.4000000000E-02        1.0000000000E+00
        4.8300000000E+01        1.0000000000E+00
        8.0500000000E+00        1.0000000000E+00
        1.6100000000E+00        1.0000000000E+00
        3.2200000000E-01        1.0000000000E+00
        6.4000000000E-02        1.0000000000E+00
# FITTING  BASIS  SET: (10s,5p,5d)
# Mo
gaussian
 42 20 20
 1 1 1 1 1 1 1 1 1 1 1 1 1 1 1 1 1 1 1 1 
 0 0 0 0 0 0 0 0 0 0 1 1 1 1 1 2 2 2 2 2 
        1.6406200000E+05        1.0000000000E+00
        2.7344000000E+04        1.0000000000E+00
        5.4690000000E+03        1.0000000000E+00
        1.0940000000E+03        1.0000000000E+00
        2.1900000000E+02        1.0000000000E+00
        5.2500000000E+01        1.0000000000E+00
        8.7500000000E+00        1.0000000000E+00
        1.7500000000E+00        1.0000000000E+00
        3.5000000000E-01        1.0000000000E+00
        7.0000000000E-02        1.0000000000E+00
        5.2500000000E+01        1.0000000000E+00
        8.7500000000E+00        1.0000000000E+00
        1.7500000000E+00        1.0000000000E+00
        3.5000000000E-01        1.0000000000E+00
        7.0000000000E-02        1.0000000000E+00
        5.2500000000E+01        1.0000000000E+00
        8.7500000000E+00        1.0000000000E+00
        1.7500000000E+00        1.0000000000E+00
        3.5000000000E-01        1.0000000000E+00
        7.0000000000E-02        1.0000000000E+00
# FITTING  BASIS  SET: (10s,5p,5d)
# Tc
gaussian
 43 20 20
 1 1 1 1 1 1 1 1 1 1 1 1 1 1 1 1 1 1 1 1 
 0 0 0 0 0 0 0 0 0 0 1 1 1 1 1 2 2 2 2 2 
        1.7437500000E+05        1.0000000000E+00
        2.9062000000E+04        1.0000000000E+00
        5.8120000000E+03        1.0000000000E+00
        1.1620000000E+03        1.0000000000E+00
        2.3200000000E+02        1.0000000000E+00
        5.5800000000E+01        1.0000000000E+00
        9.3000000000E+00        1.0000000000E+00
        1.8600000000E+00        1.0000000000E+00
        3.7200000000E-01        1.0000000000E+00
        7.4000000000E-02        1.0000000000E+00
        5.5800000000E+01        1.0000000000E+00
        9.3000000000E+00        1.0000000000E+00
        1.8600000000E+00        1.0000000000E+00
        3.7200000000E-01        1.0000000000E+00
        7.4000000000E-02        1.0000000000E+00
        5.5800000000E+01        1.0000000000E+00
        9.3000000000E+00        1.0000000000E+00
        1.8600000000E+00        1.0000000000E+00
        3.7200000000E-01        1.0000000000E+00
        7.4000000000E-02        1.0000000000E+00
# FITTING  BASIS  SET: (10s,5p,5d)
# Ru
gaussian
 44 20 20
 1 1 1 1 1 1 1 1 1 1 1 1 1 1 1 1 1 1 1 1 
 0 0 0 0 0 0 0 0 0 0 1 1 1 1 1 2 2 2 2 2 
        1.8037500000E+05        1.0000000000E+00
        3.0062000000E+04        1.0000000000E+00
        6.0120000000E+03        1.0000000000E+00
        1.2020000000E+03        1.0000000000E+00
        2.4000000000E+02        1.0000000000E+00
        5.7800000000E+01        1.0000000000E+00
        9.6200000000E+00        1.0000000000E+00
        1.9200000000E+00        1.0000000000E+00
        3.8500000000E-01        1.0000000000E+00
        7.7000000000E-02        1.0000000000E+00
        5.7800000000E+01        1.0000000000E+00
        9.6200000000E+00        1.0000000000E+00
        1.9200000000E+00        1.0000000000E+00
        3.8500000000E-01        1.0000000000E+00
        7.7000000000E-02        1.0000000000E+00
        5.7800000000E+01        1.0000000000E+00
        9.6200000000E+00        1.0000000000E+00
        1.9200000000E+00        1.0000000000E+00
        3.8500000000E-01        1.0000000000E+00
        7.7000000000E-02        1.0000000000E+00
# FITTING  BASIS  SET: (10s,5p,5d)
# Rh
gaussian
 45 20 20
 1 1 1 1 1 1 1 1 1 1 1 1 1 1 1 1 1 1 1 1 
 0 0 0 0 0 0 0 0 0 0 1 1 1 1 1 2 2 2 2 2 
        1.8525000000E+05        1.0000000000E+00
        3.0875000000E+04        1.0000000000E+00
        6.1750000000E+03        1.0000000000E+00
        1.2350000000E+03        1.0000000000E+00
        2.4700000000E+02        1.0000000000E+00
        5.9200000000E+01        1.0000000000E+00
        9.8800000000E+00        1.0000000000E+00
        1.9800000000E+00        1.0000000000E+00
        3.9500000000E-01        1.0000000000E+00
        7.9000000000E-02        1.0000000000E+00
        5.9200000000E+01        1.0000000000E+00
        9.8800000000E+00        1.0000000000E+00
        1.9800000000E+00        1.0000000000E+00
        3.9500000000E-01        1.0000000000E+00
        7.9000000000E-02        1.0000000000E+00
        5.9200000000E+01        1.0000000000E+00
        9.8800000000E+00        1.0000000000E+00
        1.9800000000E+00        1.0000000000E+00
        3.9500000000E-01        1.0000000000E+00
        7.9000000000E-02        1.0000000000E+00
# FITTING  BASIS  SET: (10s,5p,5d)
# Pd
gaussian
 46 20 20
 1 1 1 1 1 1 1 1 1 1 1 1 1 1 1 1 1 1 1 1 
 0 0 0 0 0 0 0 0 0 0 1 1 1 1 1 2 2 2 2 2 
        1.8750000000E+05        1.0000000000E+00
        3.1250000000E+04        1.0000000000E+00
        6.2500000000E+03        1.0000000000E+00
        1.2500000000E+03        1.0000000000E+00
        2.5000000000E+02        1.0000000000E+00
        6.0000000000E+01        1.0000000000E+00
        1.0000000000E+01        1.0000000000E+00
        2.0000000000E+00        1.0000000000E+00
        4.0000000000E-01        1.0000000000E+00
        8.0000000000E-02        1.0000000000E+00
        6.0000000000E+01        1.0000000000E+00
        1.0000000000E+01        1.0000000000E+00
        2.0000000000E+00        1.0000000000E+00
        4.0000000000E-01        1.0000000000E+00
        8.0000000000E-02        1.0000000000E+00
        6.0000000000E+01        1.0000000000E+00
        1.0000000000E+01        1.0000000000E+00
        2.0000000000E+00        1.0000000000E+00
        4.0000000000E-01        1.0000000000E+00
        8.0000000000E-02        1.0000000000E+00
# FITTING  BASIS  SET: (10s,5p,5d)
# Ag
gaussian
 47 20 20
 1 1 1 1 1 1 1 1 1 1 1 1 1 1 1 1 1 1 1 1 
 0 0 0 0 0 0 0 0 0 0 1 1 1 1 1 2 2 2 2 2 
        1.8937500000E+05        1.0000000000E+00
        3.1562000000E+04        1.0000000000E+00
        6.3120000000E+03        1.0000000000E+00
        1.2620000000E+03        1.0000000000E+00
        2.5200000000E+02        1.0000000000E+00
        6.0800000000E+01        1.0000000000E+00
        1.0100000000E+01        1.0000000000E+00
        2.0200000000E+00        1.0000000000E+00
        4.0500000000E-01        1.0000000000E+00
        8.1000000000E-02        1.0000000000E+00
        6.0800000000E+01        1.0000000000E+00
        1.0100000000E+01        1.0000000000E+00
        2.0200000000E+00        1.0000000000E+00
        4.0500000000E-01        1.0000000000E+00
        8.1000000000E-02        1.0000000000E+00
        6.0800000000E+01        1.0000000000E+00
        1.0100000000E+01        1.0000000000E+00
        2.0200000000E+00        1.0000000000E+00
        4.0500000000E-01        1.0000000000E+00
        8.1000000000E-02        1.0000000000E+00
# FITTING  BASIS  SET: (10s,5p,5d)
# Cd
gaussian
 48 20 20
 1 1 1 1 1 1 1 1 1 1 1 1 1 1 1 1 1 1 1 1 
 0 0 0 0 0 0 0 0 0 0 1 1 1 1 1 2 2 2 2 2 
        2.2875000000E+05        1.0000000000E+00
        3.8125000000E+04        1.0000000000E+00
        7.6250000000E+03        1.0000000000E+00
        1.5250000000E+03        1.0000000000E+00
        3.0500000000E+02        1.0000000000E+00
        7.3500000000E+01        1.0000000000E+00
        1.2200000000E+01        1.0000000000E+00
        2.4500000000E+00        1.0000000000E+00
        4.9000000000E-01        1.0000000000E+00
        9.8000000000E-02        1.0000000000E+00
        7.3500000000E+01        1.0000000000E+00
        1.2200000000E+01        1.0000000000E+00
        2.4500000000E+00        1.0000000000E+00
        4.9000000000E-01        1.0000000000E+00
        9.8000000000E-02        1.0000000000E+00
        7.3500000000E+01        1.0000000000E+00
        1.2200000000E+01        1.0000000000E+00
        2.4500000000E+00        1.0000000000E+00
        4.9000000000E-01        1.0000000000E+00
        9.8000000000E-02        1.0000000000E+00
# FITTING  BASIS  SET: (10s,5p,5d)
# In
gaussian
 49 20 20
 1 1 1 1 1 1 1 1 1 1 1 1 1 1 1 1 1 1 1 1 
 0 0 0 0 0 0 0 0 0 0 1 1 1 1 1 2 2 2 2 2 
        1.6406200000E+05        1.0000000000E+00
        2.7344000000E+04        1.0000000000E+00
        5.4690000000E+03        1.0000000000E+00
        1.0940000000E+03        1.0000000000E+00
        2.1900000000E+02        1.0000000000E+00
        5.2500000000E+01        1.0000000000E+00
        8.7500000000E+00        1.0000000000E+00
        1.7500000000E+00        1.0000000000E+00
        3.5000000000E-01        1.0000000000E+00
        7.0000000000E-02        1.0000000000E+00
        5.2500000000E+01        1.0000000000E+00
        8.7500000000E+00        1.0000000000E+00
        1.7500000000E+00        1.0000000000E+00
        3.5000000000E-01        1.0000000000E+00
        7.0000000000E-02        1.0000000000E+00
        5.2500000000E+01        1.0000000000E+00
        8.7500000000E+00        1.0000000000E+00
        1.7500000000E+00        1.0000000000E+00
        3.5000000000E-01        1.0000000000E+00
        7.0000000000E-02        1.0000000000E+00
# FITTING  BASIS  SET: (10s,5p,5d)
# Sn
gaussian
 50 20 20
 1 1 1 1 1 1 1 1 1 1 1 1 1 1 1 1 1 1 1 1 
 0 0 0 0 0 0 0 0 0 0 1 1 1 1 1 2 2 2 2 2 
        2.0437500000E+05        1.0000000000E+00
        3.4062000000E+04        1.0000000000E+00
        6.8120000000E+03        1.0000000000E+00
        1.3620000000E+03        1.0000000000E+00
        2.7200000000E+02        1.0000000000E+00
        6.5200000000E+01        1.0000000000E+00
        1.0900000000E+01        1.0000000000E+00
        2.1800000000E+00        1.0000000000E+00
        4.3500000000E-01        1.0000000000E+00
        8.7000000000E-02        1.0000000000E+00
        6.5200000000E+01        1.0000000000E+00
        1.0900000000E+01        1.0000000000E+00
        2.1800000000E+00        1.0000000000E+00
        4.3500000000E-01        1.0000000000E+00
        8.7000000000E-02        1.0000000000E+00
        6.5200000000E+01        1.0000000000E+00
        1.0900000000E+01        1.0000000000E+00
        2.1800000000E+00        1.0000000000E+00
        4.3500000000E-01        1.0000000000E+00
        8.7000000000E-02        1.0000000000E+00
# FITTING  BASIS  SET: (10s,5p,5d)
# Sb
gaussian
 51 20 20
 1 1 1 1 1 1 1 1 1 1 1 1 1 1 1 1 1 1 1 1 
 0 0 0 0 0 0 0 0 0 0 1 1 1 1 1 2 2 2 2 2 
        2.5312500000E+05        1.0000000000E+00
        4.2188000000E+04        1.0000000000E+00
        8.4380000000E+03        1.0000000000E+00
        1.6880000000E+03        1.0000000000E+00
        3.3800000000E+02        1.0000000000E+00
        8.1000000000E+01        1.0000000000E+00
        1.3500000000E+01        1.0000000000E+00
        2.7000000000E+00        1.0000000000E+00
        5.4000000000E-01        1.0000000000E+00
        1.0800000000E-01        1.0000000000E+00
        8.1000000000E+01        1.0000000000E+00
        1.3500000000E+01        1.0000000000E+00
        2.7000000000E+00        1.0000000000E+00
        5.4000000000E-01        1.0000000000E+00
        1.0800000000E-01        1.0000000000E+00
        8.1000000000E+01        1.0000000000E+00
        1.3500000000E+01        1.0000000000E+00
        2.7000000000E+00        1.0000000000E+00
        5.4000000000E-01        1.0000000000E+00
        1.0800000000E-01        1.0000000000E+00
# FITTING  BASIS  SET: (10s,5p,5d)
# Te
gaussian
 52 20 20
 1 1 1 1 1 1 1 1 1 1 1 1 1 1 1 1 1 1 1 1 
 0 0 0 0 0 0 0 0 0 0 1 1 1 1 1 2 2 2 2 2 
        2.9062500000E+05        1.0000000000E+00
        4.8438000000E+04        1.0000000000E+00
        9.6880000000E+03        1.0000000000E+00
        1.9380000000E+03        1.0000000000E+00
        3.8800000000E+02        1.0000000000E+00
        9.3000000000E+01        1.0000000000E+00
        1.5500000000E+01        1.0000000000E+00
        3.1000000000E+00        1.0000000000E+00
        6.2000000000E-01        1.0000000000E+00
        1.2400000000E-01        1.0000000000E+00
        9.3000000000E+01        1.0000000000E+00
        1.5500000000E+01        1.0000000000E+00
        3.1000000000E+00        1.0000000000E+00
        6.2000000000E-01        1.0000000000E+00
        1.2400000000E-01        1.0000000000E+00
        9.3000000000E+01        1.0000000000E+00
        1.5500000000E+01        1.0000000000E+00
        3.1000000000E+00        1.0000000000E+00
        6.2000000000E-01        1.0000000000E+00
        1.2400000000E-01        1.0000000000E+00
# FITTING  BASIS  SET: (10s,5p,5d)
# I
gaussian
 53 20 20
 1 1 1 1 1 1 1 1 1 1 1 1 1 1 1 1 1 1 1 1 
 0 0 0 0 0 0 0 0 0 0 1 1 1 1 1 2 2 2 2 2 
        3.3562500000E+05        1.0000000000E+00
        5.5938000000E+04        1.0000000000E+00
        1.1188000000E+04        1.0000000000E+00
        2.2380000000E+03        1.0000000000E+00
        4.4800000000E+02        1.0000000000E+00
        1.0700000000E+02        1.0000000000E+00
        1.7900000000E+01        1.0000000000E+00
        3.5800000000E+00        1.0000000000E+00
        7.1500000000E-01        1.0000000000E+00
        1.4300000000E-01        1.0000000000E+00
        1.0700000000E+02        1.0000000000E+00
        1.7900000000E+01        1.0000000000E+00
        3.5800000000E+00        1.0000000000E+00
        7.1500000000E-01        1.0000000000E+00
        1.4300000000E-01        1.0000000000E+00
        1.0700000000E+02        1.0000000000E+00
        1.7900000000E+01        1.0000000000E+00
        3.5800000000E+00        1.0000000000E+00
        7.1500000000E-01        1.0000000000E+00
        1.4300000000E-01        1.0000000000E+00
endbasis
