# BASIS "xc basis" print
# FITTING  BASIS  SET: (4s,1p,1d)
# H
gaussian
 1 6 6
 1 1 1 1 1 1 
 0 0 0 0 1 2 
        1.5000000000E+01        1.0000000000E+00
        2.5000000000E+00        1.0000000000E+00
        1.0000000000E-01        1.0000000000E+00
        5.0000000000E-01        1.0000000000E+00
        5.0000000000E-01        1.0000000000E+00
        5.0000000000E-01        1.0000000000E+00
# FITTING  BASIS  SET: (4s,1p,1d)
# He
gaussian
 2 6 6
 1 1 1 1 1 1 
 0 0 0 0 1 2 
        1.8000000000E+01        1.0000000000E+00
        3.0000000000E+00        1.0000000000E+00
        1.2000000000E-01        1.0000000000E+00
        6.0000000000E-01        1.0000000000E+00
        6.0000000000E-01        1.0000000000E+00
        6.0000000000E-01        1.0000000000E+00
# FITTING  BASIS  SET: (7s,2p,1d)
# Li
gaussian
 3 10 10
 1 1 1 1 1 1 1 1 1 1 
 0 0 0 0 0 0 0 1 1 2 
        8.5300000000E+02        1.0000000000E+00
        1.7100000000E+01        1.0000000000E+00
        4.3000000000E+00        1.0000000000E+00
        1.1000000000E+00        1.0000000000E+00
        2.7000000000E-01        1.0000000000E+00
        2.0000000000E-01        1.0000000000E+00
        7.0000000000E-02        1.0000000000E+00
        2.0000000000E-01        1.0000000000E+00
        7.0000000000E-02        1.0000000000E+00
        7.0000000000E-02        1.0000000000E+00
# FITTING  BASIS  SET: (7s,2p,1d)
# Be
gaussian
 4 10 10
 1 1 1 1 1 1 1 1 1 1 
 0 0 0 0 0 0 0 1 1 2 
        1.7100000000E+02        1.0000000000E+00
        3.4300000000E+01        1.0000000000E+00
        8.5000000000E+00        1.0000000000E+00
        2.1000000000E+00        1.0000000000E+00
        5.3000000000E-01        1.0000000000E+00
        4.0000000000E-02        1.0000000000E+00
        1.3000000000E-01        1.0000000000E+00
        4.0000000000E-02        1.0000000000E+00
        1.3000000000E-01        1.0000000000E+00
        1.3000000000E-01        1.0000000000E+00
# FITTING  BASIS  SET: (8s,4p,4d)
# B
gaussian
 5 16 16
 1 1 1 1 1 1 1 1 1 1 1 1 1 1 1 1 
 0 0 0 0 0 0 0 0 1 1 1 1 2 2 2 2 
        3.3100000000E+02        1.0000000000E+00
        7.3000000000E+01        1.0000000000E+00
        2.1000000000E+01        1.0000000000E+00
        6.0000000000E+00        1.0000000000E+00
        2.2100000000E+00        1.0000000000E+00
        5.0000000000E-01        1.0000000000E+00
        1.4000000000E-01        1.0000000000E+00
        4.0000000000E-02        1.0000000000E+00
        2.2100000000E+00        1.0000000000E+00
        5.0000000000E-01        1.0000000000E+00
        1.4000000000E-01        1.0000000000E+00
        4.0000000000E-02        1.0000000000E+00
        2.2100000000E+00        1.0000000000E+00
        5.0000000000E-01        1.0000000000E+00
        1.4000000000E-01        1.0000000000E+00
        4.0000000000E-02        1.0000000000E+00
# FITTING  BASIS  SET: (8s,4p,4d)
# C
gaussian
 6 16 16
 1 1 1 1 1 1 1 1 1 1 1 1 1 1 1 1 
 0 0 0 0 0 0 0 0 1 1 1 1 2 2 2 2 
        5.0000000000E+02        1.0000000000E+00
        1.1000000000E+02        1.0000000000E+00
        3.1400000000E+01        1.0000000000E+00
        9.0000000000E+00        1.0000000000E+00
        3.3000000000E+00        1.0000000000E+00
        7.3000000000E-01        1.0000000000E+00
        2.1000000000E-01        1.0000000000E+00
        6.0000000000E-02        1.0000000000E+00
        3.3000000000E+00        1.0000000000E+00
        7.3000000000E-01        1.0000000000E+00
        2.1000000000E-01        1.0000000000E+00
        6.0000000000E-02        1.0000000000E+00
        3.3000000000E+00        1.0000000000E+00
        7.3000000000E-01        1.0000000000E+00
        2.1000000000E-01        1.0000000000E+00
        6.0000000000E-02        1.0000000000E+00
# FITTING  BASIS  SET: (8s,4p,4d)
# N
gaussian
 7 16 16
 1 1 1 1 1 1 1 1 1 1 1 1 1 1 1 1 
 0 0 0 0 0 0 0 0 1 1 1 1 2 2 2 2 
        6.8800000000E+02        1.0000000000E+00
        1.5300000000E+02        1.0000000000E+00
        4.3700000000E+01        1.0000000000E+00
        1.2500000000E+01        1.0000000000E+00
        4.6000000000E+00        1.0000000000E+00
        1.0200000000E+00        1.0000000000E+00
        2.9000000000E-01        1.0000000000E+00
        8.3000000000E-02        1.0000000000E+00
        4.6000000000E+00        1.0000000000E+00
        1.0200000000E+00        1.0000000000E+00
        2.9000000000E-01        1.0000000000E+00
        8.3000000000E-02        1.0000000000E+00
        4.6000000000E+00        1.0000000000E+00
        1.0200000000E+00        1.0000000000E+00
        2.9000000000E-01        1.0000000000E+00
        8.3000000000E-02        1.0000000000E+00
# FITTING  BASIS  SET: (8s,4p,4d)
# O
gaussian
 8 16 16
 1 1 1 1 1 1 1 1 1 1 1 1 1 1 1 1 
 0 0 0 0 0 0 0 0 1 1 1 1 2 2 2 2 
        8.5500000000E+02        1.0000000000E+00
        1.9000000000E+02        1.0000000000E+00
        5.4000000000E+01        1.0000000000E+00
        1.5500000000E+01        1.0000000000E+00
        5.6600000000E+00        1.0000000000E+00
        1.2700000000E+00        1.0000000000E+00
        3.6000000000E-01        1.0000000000E+00
        1.0000000000E-01        1.0000000000E+00
        5.6600000000E+00        1.0000000000E+00
        1.2700000000E+00        1.0000000000E+00
        3.6000000000E-01        1.0000000000E+00
        1.0000000000E-01        1.0000000000E+00
        5.6600000000E+00        1.0000000000E+00
        1.2700000000E+00        1.0000000000E+00
        3.6000000000E-01        1.0000000000E+00
        1.0000000000E-01        1.0000000000E+00
# FITTING  BASIS  SET: (8s,4p,4d)
# F
gaussian
 9 16 16
 1 1 1 1 1 1 1 1 1 1 1 1 1 1 1 1 
 0 0 0 0 0 0 0 0 1 1 1 1 2 2 2 2 
        1.0350000000E+03        1.0000000000E+00
        2.3000000000E+02        1.0000000000E+00
        6.5700000000E+01        1.0000000000E+00
        1.8800000000E+01        1.0000000000E+00
        7.0000000000E+00        1.0000000000E+00
        1.5300000000E+00        1.0000000000E+00
        4.4000000000E-01        1.0000000000E+00
        1.3000000000E-01        1.0000000000E+00
        7.0000000000E+00        1.0000000000E+00
        1.5300000000E+00        1.0000000000E+00
        4.4000000000E-01        1.0000000000E+00
        1.3000000000E-01        1.0000000000E+00
        7.0000000000E+00        1.0000000000E+00
        1.5300000000E+00        1.0000000000E+00
        4.4000000000E-01        1.0000000000E+00
        1.3000000000E-01        1.0000000000E+00
# FITTING  BASIS  SET: (9s,4p,4d)
# Al
gaussian
 13 17 17
 1 1 1 1 1 1 1 1 1 1 1 1 1 1 1 1 1 
 0 0 0 0 0 0 0 0 0 1 1 1 1 2 2 2 2 
        2.2870000000E+03        1.0000000000E+00
        4.5700000000E+02        1.0000000000E+00
        1.1400000000E+02        1.0000000000E+00
        2.8600000000E+01        1.0000000000E+00
        7.1000000000E+00        1.0000000000E+00
        2.2000000000E+00        1.0000000000E+00
        4.5000000000E-01        1.0000000000E+00
        1.1000000000E-01        1.0000000000E+00
        2.8000000000E-02        1.0000000000E+00
        2.2000000000E+00        1.0000000000E+00
        4.5000000000E-01        1.0000000000E+00
        1.1000000000E-01        1.0000000000E+00
        2.8000000000E-02        1.0000000000E+00
        2.2000000000E+00        1.0000000000E+00
        4.5000000000E-01        1.0000000000E+00
        1.1000000000E-01        1.0000000000E+00
        2.8000000000E-02        1.0000000000E+00
# FITTING  BASIS  SET: (9s,4p,4d)
# Si
gaussian
 14 17 17
 1 1 1 1 1 1 1 1 1 1 1 1 1 1 1 1 1 
 0 0 0 0 0 0 0 0 0 1 1 1 1 2 2 2 2 
        3.2770000000E+03        1.0000000000E+00
        6.5500000000E+02        1.0000000000E+00
        1.6400000000E+02        1.0000000000E+00
        4.1000000000E+01        1.0000000000E+00
        1.0200000000E+01        1.0000000000E+00
        3.2000000000E+00        1.0000000000E+00
        6.4000000000E-01        1.0000000000E+00
        1.6000000000E-01        1.0000000000E+00
        4.0000000000E-02        1.0000000000E+00
        3.2000000000E+00        1.0000000000E+00
        6.4000000000E-01        1.0000000000E+00
        1.6000000000E-01        1.0000000000E+00
        4.0000000000E-02        1.0000000000E+00
        3.2000000000E+00        1.0000000000E+00
        6.4200000000E-01        1.0000000000E+00
        1.6000000000E-01        1.0000000000E+00
        4.0000000000E-02        1.0000000000E+00
# FITTING  BASIS  SET: (9s,4p,4d)
# P
gaussian
 15 17 17
 1 1 1 1 1 1 1 1 1 1 1 1 1 1 1 1 1 
 0 0 0 0 0 0 0 0 0 1 1 1 1 2 2 2 2 
        4.3697000000E+03        1.0000000000E+00
        8.7400000000E+02        1.0000000000E+00
        2.1800000000E+02        1.0000000000E+00
        5.5000000000E+01        1.0000000000E+00
        1.3600000000E+01        1.0000000000E+00
        4.3000000000E+00        1.0000000000E+00
        8.5000000000E-01        1.0000000000E+00
        2.1000000000E-01        1.0000000000E+00
        5.3000000000E-02        1.0000000000E+00
        4.3000000000E+00        1.0000000000E+00
        8.5000000000E-01        1.0000000000E+00
        2.1000000000E-01        1.0000000000E+00
        5.3000000000E-02        1.0000000000E+00
        4.3000000000E+00        1.0000000000E+00
        8.5000000000E-01        1.0000000000E+00
        2.1000000000E-01        1.0000000000E+00
        5.3000000000E-02        1.0000000000E+00
# FITTING  BASIS  SET: (9s,4p,4d)
# S
gaussian
 16 17 17
 1 1 1 1 1 1 1 1 1 1 1 1 1 1 1 1 1 
 0 0 0 0 0 0 0 0 0 1 1 1 1 2 2 2 2 
        5.4610000000E+03        1.0000000000E+00
        1.0920000000E+03        1.0000000000E+00
        2.7300000000E+02        1.0000000000E+00
        6.8300000000E+01        1.0000000000E+00
        1.7100000000E+01        1.0000000000E+00
        5.3000000000E+00        1.0000000000E+00
        1.0700000000E+00        1.0000000000E+00
        2.7000000000E-01        1.0000000000E+00
        6.7000000000E-02        1.0000000000E+00
        5.3000000000E+00        1.0000000000E+00
        1.0700000000E+00        1.0000000000E+00
        2.7000000000E-01        1.0000000000E+00
        6.7000000000E-02        1.0000000000E+00
        5.3000000000E+00        1.0000000000E+00
        1.0700000000E+00        1.0000000000E+00
        2.7000000000E-01        1.0000000000E+00
        6.7000000000E-02        1.0000000000E+00
# FITTING  BASIS  SET: (9s,4p,4d)
# Cl
gaussian
 17 17 17
 1 1 1 1 1 1 1 1 1 1 1 1 1 1 1 1 1 
 0 0 0 0 0 0 0 0 0 1 1 1 1 2 2 2 2 
        6.8270000000E+03        1.0000000000E+00
        1.3650000000E+03        1.0000000000E+00
        3.4100000000E+02        1.0000000000E+00
        8.5000000000E+01        1.0000000000E+00
        2.1000000000E+01        1.0000000000E+00
        6.7000000000E+00        1.0000000000E+00
        1.3000000000E+00        1.0000000000E+00
        3.3000000000E-01        1.0000000000E+00
        8.3000000000E-02        1.0000000000E+00
        6.7000000000E+00        1.0000000000E+00
        1.3000000000E+00        1.0000000000E+00
        3.3000000000E-01        1.0000000000E+00
        8.3000000000E-02        1.0000000000E+00
        6.7000000000E+00        1.0000000000E+00
        1.3000000000E+00        1.0000000000E+00
        3.3000000000E-01        1.0000000000E+00
        8.3000000000E-02        1.0000000000E+00
# FITTING  BASIS  SET: (9s,4p,4d)
# Ar
gaussian
 18 17 17
 1 1 1 1 1 1 1 1 1 1 1 1 1 1 1 1 1 
 0 0 0 0 0 0 0 0 0 1 1 1 1 2 2 2 2 
        8.1920000000E+03        1.0000000000E+00
        1.6380000000E+03        1.0000000000E+00
        4.1000000000E+02        1.0000000000E+00
        1.0200000000E+02        1.0000000000E+00
        2.6000000000E+01        1.0000000000E+00
        8.0000000000E+00        1.0000000000E+00
        1.6000000000E+00        1.0000000000E+00
        4.0000000000E-01        1.0000000000E+00
        1.0000000000E-01        1.0000000000E+00
        8.0000000000E+00        1.0000000000E+00
        1.6000000000E+00        1.0000000000E+00
        4.0000000000E-01        1.0000000000E+00
        1.0000000000E-01        1.0000000000E+00
        8.0000000000E+00        1.0000000000E+00
        1.6000000000E+00        1.0000000000E+00
        4.0000000000E-01        1.0000000000E+00
        1.0000000000E-01        1.0000000000E+00
# FITTING  BASIS  SET: (10s,5p,5d)
# Sc
gaussian
 21 20 20
 1 1 1 1 1 1 1 1 1 1 1 1 1 1 1 1 1 1 1 1 
 0 0 0 0 0 0 0 0 0 0 1 1 1 1 1 2 2 2 2 2 
        7.0000000000E+03        1.0000000000E+00
        1.4000000000E+03        1.0000000000E+00
        3.5000000000E+02        1.0000000000E+00
        8.7540000000E+01        1.0000000000E+00
        2.2000000000E+01        1.0000000000E+00
        6.8000000000E+00        1.0000000000E+00
        1.3600000000E+00        1.0000000000E+00
        3.4000000000E-01        1.0000000000E+00
        8.5000000000E-02        1.0000000000E+00
        2.1000000000E-02        1.0000000000E+00
        6.8000000000E+00        1.0000000000E+00
        1.3600000000E+00        1.0000000000E+00
        3.4000000000E-01        1.0000000000E+00
        8.5000000000E-02        1.0000000000E+00
        2.1000000000E-02        1.0000000000E+00
        6.8000000000E+01        1.0000000000E+00
        1.3600000000E+00        1.0000000000E+00
        3.4000000000E+00        1.0000000000E+00
        8.5000000000E-02        1.0000000000E+00
        2.1000000000E-02        1.0000000000E+00
# FITTING  BASIS  SET: (10s,5p,5d)
# Ti
gaussian
 22 20 20
 1 1 1 1 1 1 1 1 1 1 1 1 1 1 1 1 1 1 1 1 
 0 0 0 0 0 0 0 0 0 0 1 1 1 1 1 2 2 2 2 2 
        9.3000000000E+03        1.0000000000E+00
        1.8000000000E+03        1.0000000000E+00
        4.6000000000E+02        1.0000000000E+00
        1.1500000000E+02        1.0000000000E+00
        2.9000000000E+01        1.0000000000E+00
        9.0000000000E+00        1.0000000000E+00
        1.8100000000E+00        1.0000000000E+00
        4.5000000000E-01        1.0000000000E+00
        1.1000000000E-01        1.0000000000E+00
        2.8000000000E-02        1.0000000000E+00
        9.0000000000E+00        1.0000000000E+00
        1.8100000000E+00        1.0000000000E+00
        4.5000000000E-01        1.0000000000E+00
        1.1000000000E-01        1.0000000000E+00
        2.8000000000E-02        1.0000000000E+00
        9.0000000000E+00        1.0000000000E+00
        1.8100000000E+00        1.0000000000E+00
        4.5000000000E-01        1.0000000000E+00
        1.1000000000E-01        1.0000000000E+00
        2.8000000000E-02        1.0000000000E+00
# FITTING  BASIS  SET: (10s,5p,5d)
# V
gaussian
 23 20 20
 1 1 1 1 1 1 1 1 1 1 1 1 1 1 1 1 1 1 1 1 
 0 0 0 0 0 0 0 0 0 0 1 1 1 1 1 2 2 2 2 2 
        1.1000000000E+04        1.0000000000E+00
        2.2000000000E+03        1.0000000000E+00
        5.5000000000E+02        1.0000000000E+00
        1.3700000000E+02        1.0000000000E+00
        3.5000000000E+01        1.0000000000E+00
        1.1000000000E+01        1.0000000000E+00
        2.1500000000E+00        1.0000000000E+00
        5.4000000000E-01        1.0000000000E+00
        1.3000000000E-01        1.0000000000E+00
        3.3000000000E-02        1.0000000000E+00
        1.1000000000E+01        1.0000000000E+00
        2.1500000000E+00        1.0000000000E+00
        5.4000000000E-01        1.0000000000E+00
        1.3000000000E-01        1.0000000000E+00
        3.3000000000E-02        1.0000000000E+00
        1.1000000000E+01        1.0000000000E+00
        2.1500000000E+00        1.0000000000E+00
        5.4000000000E-01        1.0000000000E+00
        1.3000000000E-01        1.0000000000E+00
        3.3000000000E-02        1.0000000000E+00
# FITTING  BASIS  SET: (10s,5p,5d)
# Cr
gaussian
 24 20 20
 1 1 1 1 1 1 1 1 1 1 1 1 1 1 1 1 1 1 1 1 
 0 0 0 0 0 0 0 0 0 0 1 1 1 1 1 2 2 2 2 2 
        1.2300000000E+04        1.0000000000E+00
        2.4600000000E+03        1.0000000000E+00
        6.1600000000E+02        1.0000000000E+00
        1.5400000000E+02        1.0000000000E+00
        3.8500000000E+01        1.0000000000E+00
        1.2300000000E+01        1.0000000000E+00
        2.4500000000E+00        1.0000000000E+00
        6.1000000000E-01        1.0000000000E+00
        1.5000000000E-01        1.0000000000E+00
        4.0000000000E-02        1.0000000000E+00
        1.2300000000E+01        1.0000000000E+00
        2.4500000000E+00        1.0000000000E+00
        6.1000000000E-01        1.0000000000E+00
        1.5000000000E-01        1.0000000000E+00
        4.0000000000E-02        1.0000000000E+00
        1.2300000000E+01        1.0000000000E+00
        2.4500000000E+00        1.0000000000E+00
        6.1000000000E-01        1.0000000000E+00
        1.5000000000E-01        1.0000000000E+00
        4.0000000000E-02        1.0000000000E+00
# FITTING  BASIS  SET: (10s,5p,5d)
# Mn
gaussian
 25 20 20
 1 1 1 1 1 1 1 1 1 1 1 1 1 1 1 1 1 1 1 1 
 0 0 0 0 0 0 0 0 0 0 1 1 1 1 1 2 2 2 2 2 
        1.3600000000E+04        1.0000000000E+00
        2.7300000000E+03        1.0000000000E+00
        6.8300000000E+02        1.0000000000E+00
        1.7000000000E+02        1.0000000000E+00
        4.2000000000E+01        1.0000000000E+00
        1.3300000000E+01        1.0000000000E+00
        2.7000000000E+00        1.0000000000E+00
        6.6000000000E-01        1.0000000000E+00
        1.7000000000E-01        1.0000000000E+00
        4.1000000000E-02        1.0000000000E+00
        1.3300000000E+01        1.0000000000E+00
        2.7000000000E+00        1.0000000000E+00
        6.6000000000E-01        1.0000000000E+00
        1.7000000000E-01        1.0000000000E+00
        4.1000000000E-02        1.0000000000E+00
        1.3300000000E+01        1.0000000000E+00
        2.7000000000E+00        1.0000000000E+00
        6.6000000000E-01        1.0000000000E+00
        1.7000000000E-01        1.0000000000E+00
        4.1000000000E-02        1.0000000000E+00
# FITTING  BASIS  SET: (10s,5p,5d)
# Fe
gaussian
 26 20 20
 1 1 1 1 1 1 1 1 1 1 1 1 1 1 1 1 1 1 1 1 
 0 0 0 0 0 0 0 0 0 0 1 1 1 1 1 2 2 2 2 2 
        1.4700000000E+04        1.0000000000E+00
        2.9300000000E+03        1.0000000000E+00
        7.3000000000E+02        1.0000000000E+00
        1.8000000000E+02        1.0000000000E+00
        4.6000000000E+01        1.0000000000E+00
        1.4400000000E+01        1.0000000000E+00
        2.9000000000E+00        1.0000000000E+00
        7.2000000000E-01        1.0000000000E+00
        1.8000000000E-01        1.0000000000E+00
        4.5000000000E-02        1.0000000000E+00
        1.4400000000E+01        1.0000000000E+00
        2.9000000000E+00        1.0000000000E+00
        7.2000000000E-01        1.0000000000E+00
        1.8000000000E-01        1.0000000000E+00
        4.5000000000E-02        1.0000000000E+00
        1.4400000000E+01        1.0000000000E+00
        2.9000000000E+00        1.0000000000E+00
        7.2000000000E-01        1.0000000000E+00
        1.8000000000E-01        1.0000000000E+00
        4.5000000000E-02        1.0000000000E+00
# FITTING  BASIS  SET: (10s,5p,5d)
# Co
gaussian
 27 20 20
 1 1 1 1 1 1 1 1 1 1 1 1 1 1 1 1 1 1 1 1 
 0 0 0 0 0 0 0 0 0 0 1 1 1 1 1 2 2 2 2 2 
        1.5700000000E+04        1.0000000000E+00
        3.1300000000E+03        1.0000000000E+00
        7.8300000000E+02        1.0000000000E+00
        1.9500000000E+02        1.0000000000E+00
        4.9000000000E+01        1.0000000000E+00
        1.5300000000E+01        1.0000000000E+00
        3.0600000000E+00        1.0000000000E+00
        7.6000000000E-01        1.0000000000E+00
        1.9000000000E-01        1.0000000000E+00
        4.8000000000E-02        1.0000000000E+00
        1.5300000000E+01        1.0000000000E+00
        3.0600000000E+00        1.0000000000E+00
        7.6000000000E-01        1.0000000000E+00
        1.9000000000E-01        1.0000000000E+00
        4.8000000000E-02        1.0000000000E+00
        1.5300000000E+01        1.0000000000E+00
        3.0600000000E+00        1.0000000000E+00
        7.6000000000E-01        1.0000000000E+00
        1.9000000000E-01        1.0000000000E+00
        4.8000000000E-02        1.0000000000E+00
# FITTING  BASIS  SET: (10s,5p,5d)
# Ni
gaussian
 28 20 20
 1 1 1 1 1 1 1 1 1 1 1 1 1 1 1 1 1 1 1 1 
 0 0 0 0 0 0 0 0 0 0 1 1 1 1 1 2 2 2 2 2 
        1.6600000000E+04        1.0000000000E+00
        3.3300000000E+03        1.0000000000E+00
        8.3300000000E+02        1.0000000000E+00
        2.0800000000E+02        1.0000000000E+00
        5.2500000000E+01        1.0000000000E+00
        1.6000000000E+01        1.0000000000E+00
        3.2300000000E+00        1.0000000000E+00
        8.0000000000E-01        1.0000000000E+00
        2.0000000000E-01        1.0000000000E+00
        5.1000000000E-02        1.0000000000E+00
        1.6000000000E+01        1.0000000000E+00
        3.2300000000E+00        1.0000000000E+00
        8.0000000000E-01        1.0000000000E+00
        2.0000000000E-01        1.0000000000E+00
        5.1000000000E-02        1.0000000000E+00
        1.6000000000E+01        1.0000000000E+00
        3.2300000000E+00        1.0000000000E+00
        8.0000000000E-01        1.0000000000E+00
        2.0000000000E-01        1.0000000000E+00
        5.1000000000E-02        1.0000000000E+00
# FITTING  BASIS  SET: (10s,5p,5d)
# Cu
gaussian
 29 20 20
 1 1 1 1 1 1 1 1 1 1 1 1 1 1 1 1 1 1 1 1 
 0 0 0 0 0 0 0 0 0 0 1 1 1 1 1 2 2 2 2 2 
        1.7700000000E+04        1.0000000000E+00
        3.5300000000E+03        1.0000000000E+00
        8.8000000000E+02        1.0000000000E+00
        2.2000000000E+02        1.0000000000E+00
        5.5000000000E+01        1.0000000000E+00
        1.7000000000E+01        1.0000000000E+00
        3.4300000000E+00        1.0000000000E+00
        8.6000000000E-01        1.0000000000E+00
        2.1300000000E-01        1.0000000000E+00
        5.3000000000E-02        1.0000000000E+00
        1.7000000000E+01        1.0000000000E+00
        3.4300000000E+00        1.0000000000E+00
        8.6000000000E-01        1.0000000000E+00
        2.1300000000E-01        1.0000000000E+00
        5.3000000000E-02        1.0000000000E+00
        1.7000000000E+01        1.0000000000E+00
        3.4300000000E+00        1.0000000000E+00
        8.6000000000E-01        1.0000000000E+00
        2.1300000000E-01        1.0000000000E+00
        5.3000000000E-02        1.0000000000E+00
endbasis
