# BASIS "xc basis" print
# FITTING  BASIS  SET: (4s)
# H
gaussian
 1 4 4
 1 1 1 1 
 0 0 0 0 
        1.5000000000E+01        1.0000000000E+00
        2.5000000000E+00        1.0000000000E+00
        5.0000000000E-01        1.0000000000E+00
        1.0000000000E-01        1.0000000000E+00
# FITTING  BASIS  SET: (4s)
# He
gaussian
 2 4 4
 1 1 1 1 
 0 0 0 0 
        1.8000000000E+01        1.0000000000E+00
        3.0000000000E+00        1.0000000000E+00
        6.0000000000E-01        1.0000000000E+00
        1.2000000000E-01        1.0000000000E+00
# FITTING  BASIS  SET: (7s,2p,1d)
# Li
gaussian
 3 10 10
 1 1 1 1 1 1 1 1 1 1 
 0 0 0 0 0 0 0 1 1 2 
        8.5300000000E+02        1.0000000000E+00
        1.7100000000E+01        1.0000000000E+00
        4.3000000000E+00        1.0000000000E+00
        1.1000000000E+00        1.0000000000E+00
        2.7000000000E-01        1.0000000000E+00
        2.0000000000E-01        1.0000000000E+00
        7.0000000000E-02        1.0000000000E+00
        2.0000000000E-01        1.0000000000E+00
        7.0000000000E-02        1.0000000000E+00
        7.0000000000E-02        1.0000000000E+00
# FITTING  BASIS  SET: (7s,2p,1d)
# Be
gaussian
 4 10 10
 1 1 1 1 1 1 1 1 1 1 
 0 0 0 0 0 0 0 1 1 2 
        1.7100000000E+02        1.0000000000E+00
        3.4300000000E+01        1.0000000000E+00
        8.5000000000E+00        1.0000000000E+00
        2.1000000000E+00        1.0000000000E+00
        5.3000000000E-01        1.0000000000E+00
        4.0000000000E-02        1.0000000000E+00
        1.3000000000E-01        1.0000000000E+00
        4.0000000000E-02        1.0000000000E+00
        1.3000000000E-01        1.0000000000E+00
        1.3000000000E-01        1.0000000000E+00
# FITTING  BASIS  SET: (7s,3p,3d)
# B
gaussian
 5 13 13
 1 1 1 1 1 1 1 1 1 1 1 1 1 
 0 0 0 0 0 0 0 1 1 1 2 2 2 
        2.3890000000E+02        1.0000000000E+00
        4.7790000000E+01        1.0000000000E+00
        1.1950000000E+01        1.0000000000E+00
        2.9900000000E+00        1.0000000000E+00
        9.3000000000E-01        1.0000000000E+00
        1.9000000000E-01        1.0000000000E+00
        4.7000000000E-02        1.0000000000E+00
        9.3000000000E-01        1.0000000000E+00
        1.9000000000E-01        1.0000000000E+00
        4.7000000000E-02        1.0000000000E+00
        9.3000000000E-01        1.0000000000E+00
        1.9000000000E-01        1.0000000000E+00
        4.7000000000E-02        1.0000000000E+00
# FITTING  BASIS  SET: (7s,3p,3d)
# C
gaussian
 6 13 13
 1 1 1 1 1 1 1 1 1 1 1 1 1 
 0 0 0 0 0 0 0 1 1 1 2 2 2 
        3.7100000000E+02        1.0000000000E+00
        7.4200000000E+01        1.0000000000E+00
        1.8600000000E+01        1.0000000000E+00
        4.6400000000E+00        1.0000000000E+00
        1.4700000000E+00        1.0000000000E+00
        2.9000000000E-01        1.0000000000E+00
        7.3000000000E-02        1.0000000000E+00
        1.4700000000E+00        1.0000000000E+00
        2.9000000000E-01        1.0000000000E+00
        7.3000000000E-02        1.0000000000E+00
        1.4700000000E+00        1.0000000000E+00
        2.9000000000E-01        1.0000000000E+00
        7.3000000000E-02        1.0000000000E+00
# FITTING  BASIS  SET: (7s,3p,3d)
# N
gaussian
 7 13 13
 1 1 1 1 1 1 1 1 1 1 1 1 1 
 0 0 0 0 0 0 0 1 1 1 2 2 2 
        5.5000000000E+02        1.0000000000E+00
        1.1000000000E+02        1.0000000000E+00
        2.7000000000E+01        1.0000000000E+00
        6.8300000000E+01        1.0000000000E+00
        2.1000000000E+00        1.0000000000E+00
        4.3000000000E-01        1.0000000000E+00
        1.1000000000E-01        1.0000000000E+00
        2.1000000000E+00        1.0000000000E+00
        4.3000000000E-01        1.0000000000E+00
        1.1000000000E-01        1.0000000000E+00
        2.1000000000E+00        1.0000000000E+00
        4.3000000000E-01        1.0000000000E+00
        1.1000000000E-01        1.0000000000E+00
# FITTING  BASIS  SET: (7s,3p,3d)
# O
gaussian
 8 13 13
 1 1 1 1 1 1 1 1 1 1 1 1 1 
 0 0 0 0 0 0 0 1 1 1 2 2 2 
        6.6700000000E+02        1.0000000000E+00
        1.3300000000E+02        1.0000000000E+00
        3.3300000000E+01        1.0000000000E+00
        8.3000000000E+00        1.0000000000E+00
        2.6000000000E+00        1.0000000000E+00
        5.2000000000E-01        1.0000000000E+00
        1.3000000000E-01        1.0000000000E+00
        2.6000000000E+00        1.0000000000E+00
        5.2000000000E-01        1.0000000000E+00
        1.3000000000E-01        1.0000000000E+00
        2.6000000000E+00        1.0000000000E+00
        5.2000000000E-01        1.0000000000E+00
        1.3000000000E-01        1.0000000000E+00
# FITTING  BASIS  SET: (7s,3p,3d)
# F
gaussian
 9 13 13
 1 1 1 1 1 1 1 1 1 1 1 1 1 
 0 0 0 0 0 0 0 1 1 1 2 2 2 
        8.1900000000E+02        1.0000000000E+00
        1.6400000000E+02        1.0000000000E+00
        4.1000000000E+01        1.0000000000E+00
        1.0200000000E+01        1.0000000000E+00
        3.2000000000E+00        1.0000000000E+00
        6.4000000000E-01        1.0000000000E+00
        1.6000000000E-01        1.0000000000E+00
        3.2000000000E+00        1.0000000000E+00
        6.4000000000E-01        1.0000000000E+00
        1.6000000000E-01        1.0000000000E+00
        3.2000000000E+00        1.0000000000E+00
        6.4000000000E-01        1.0000000000E+00
        1.6000000000E-01        1.0000000000E+00
# FITTING  BASIS  SET: (7s,3p,3d)
# Ne
gaussian
 10 13 13
 1 1 1 1 1 1 1 1 1 1 1 1 1 
 0 0 0 0 0 0 0 1 1 1 2 2 2 
        1.0240000000E+03        1.0000000000E+00
        2.0480000000E+02        1.0000000000E+00
        5.1200000000E+01        1.0000000000E+00
        1.2800000000E+01        1.0000000000E+00
        4.0000000000E+00        1.0000000000E+00
        8.0000000000E-01        1.0000000000E+00
        2.0000000000E-01        1.0000000000E+00
        4.0000000000E+00        1.0000000000E+00
        8.0000000000E-01        1.0000000000E+00
        2.0000000000E-01        1.0000000000E+00
        4.0000000000E+00        1.0000000000E+00
        2.0000000000E-01        1.0000000000E+00
        2.0000000000E-01        1.0000000000E+00
# FITTING  BASIS  SET: (9s,4p,3d)
# Na
gaussian
 11 16 16
 1 1 1 1 1 1 1 1 1 1 1 1 1 1 1 1 
 0 0 0 0 0 0 0 0 0 1 1 1 1 2 2 2 
        1.2300000000E+03        1.0000000000E+00
        2.4500000000E+02        1.0000000000E+00
        6.1300000000E+01        1.0000000000E+00
        1.5000000000E+01        1.0000000000E+00
        3.1800000000E+00        1.0000000000E+00
        1.6000000000E-02        1.0000000000E+00
        1.2000000000E+00        1.0000000000E+00
        2.4000000000E-01        1.0000000000E+00
        6.0000000000E-02        1.0000000000E+00
        1.6000000000E-02        1.0000000000E+00
        1.2000000000E+00        1.0000000000E+00
        2.4000000000E-01        1.0000000000E+00
        6.0000000000E-02        1.0000000000E+00
        1.2000000000E+00        1.0000000000E+00
        2.4000000000E-01        1.0000000000E+00
        6.0000000000E-02        1.0000000000E+00
# FITTING  BASIS  SET: (9s,4p,3d)
# Mg
gaussian
 12 16 16
 1 1 1 1 1 1 1 1 1 1 1 1 1 1 1 1 
 0 0 0 0 0 0 0 0 0 1 1 1 1 2 2 2 
        2.0500000000E+03        1.0000000000E+00
        4.0700000000E+02        1.0000000000E+00
        1.0300000000E+02        1.0000000000E+00
        2.6000000000E+01        1.0000000000E+00
        6.3300000000E+00        1.0000000000E+00
        2.7000000000E-02        1.0000000000E+00
        2.0000000000E+00        1.0000000000E+00
        4.0000000000E-01        1.0000000000E+00
        1.0000000000E-01        1.0000000000E+00
        2.7000000000E-02        1.0000000000E+00
        2.0000000000E+00        1.0000000000E+00
        4.0000000000E-01        1.0000000000E+00
        1.0000000000E-01        1.0000000000E+00
        2.0000000000E+00        1.0000000000E+00
        4.0000000000E-01        1.0000000000E+00
        1.0000000000E-01        1.0000000000E+00
# FITTING  BASIS  SET: (9s,4p,4d)
# Al
gaussian
 13 17 17
 1 1 1 1 1 1 1 1 1 1 1 1 1 1 1 1 1 
 0 0 0 0 0 0 0 0 0 1 1 1 1 2 2 2 2 
        2.2870000000E+03        1.0000000000E+00
        4.5700000000E+02        1.0000000000E+00
        1.1400000000E+02        1.0000000000E+00
        2.8600000000E+01        1.0000000000E+00
        7.1000000000E+00        1.0000000000E+00
        2.2000000000E+00        1.0000000000E+00
        4.5000000000E-01        1.0000000000E+00
        1.1000000000E-01        1.0000000000E+00
        2.8000000000E-02        1.0000000000E+00
        2.2000000000E+00        1.0000000000E+00
        4.5000000000E-01        1.0000000000E+00
        1.1000000000E-01        1.0000000000E+00
        2.8000000000E-02        1.0000000000E+00
        2.2000000000E+00        1.0000000000E+00
        4.5000000000E-01        1.0000000000E+00
        1.1000000000E-01        1.0000000000E+00
        2.8000000000E-02        1.0000000000E+00
# FITTING  BASIS  SET: (9s,4p,4d)
# Si
gaussian
 14 17 17
 1 1 1 1 1 1 1 1 1 1 1 1 1 1 1 1 1 
 0 0 0 0 0 0 0 0 0 1 1 1 1 2 2 2 2 
        3.2770000000E+03        1.0000000000E+00
        6.5500000000E+02        1.0000000000E+00
        1.6400000000E+02        1.0000000000E+00
        4.1000000000E+01        1.0000000000E+00
        1.0200000000E+01        1.0000000000E+00
        3.2000000000E+00        1.0000000000E+00
        6.4000000000E-01        1.0000000000E+00
        1.6000000000E-01        1.0000000000E+00
        4.0000000000E-02        1.0000000000E+00
        3.2000000000E+00        1.0000000000E+00
        6.4000000000E-01        1.0000000000E+00
        1.6000000000E-01        1.0000000000E+00
        4.0000000000E-02        1.0000000000E+00
        3.2000000000E+00        1.0000000000E+00
        6.4200000000E-01        1.0000000000E+00
        1.6000000000E-01        1.0000000000E+00
        4.0000000000E-02        1.0000000000E+00
# FITTING  BASIS  SET: (9s,4p,4d)
# P
gaussian
 15 17 17
 1 1 1 1 1 1 1 1 1 1 1 1 1 1 1 1 1 
 0 0 0 0 0 0 0 0 0 1 1 1 1 2 2 2 2 
        4.3697000000E+03        1.0000000000E+00
        8.7400000000E+02        1.0000000000E+00
        2.1800000000E+02        1.0000000000E+00
        5.5000000000E+01        1.0000000000E+00
        1.3600000000E+01        1.0000000000E+00
        4.3000000000E+00        1.0000000000E+00
        8.5000000000E-01        1.0000000000E+00
        2.1000000000E-01        1.0000000000E+00
        5.3000000000E-02        1.0000000000E+00
        4.3000000000E+00        1.0000000000E+00
        8.5000000000E-01        1.0000000000E+00
        2.1000000000E-01        1.0000000000E+00
        5.3000000000E-02        1.0000000000E+00
        4.3000000000E+00        1.0000000000E+00
        8.5000000000E-01        1.0000000000E+00
        2.1000000000E-01        1.0000000000E+00
        5.3000000000E-02        1.0000000000E+00
# FITTING  BASIS  SET: (9s,4p,4d)
# S
gaussian
 16 17 17
 1 1 1 1 1 1 1 1 1 1 1 1 1 1 1 1 1 
 0 0 0 0 0 0 0 0 0 1 1 1 1 2 2 2 2 
        5.4610000000E+03        1.0000000000E+00
        1.0920000000E+03        1.0000000000E+00
        2.7300000000E+02        1.0000000000E+00
        6.8300000000E+01        1.0000000000E+00
        1.7100000000E+01        1.0000000000E+00
        5.3000000000E+00        1.0000000000E+00
        1.0700000000E+00        1.0000000000E+00
        2.7000000000E-01        1.0000000000E+00
        6.7000000000E-02        1.0000000000E+00
        5.3000000000E+00        1.0000000000E+00
        1.0700000000E+00        1.0000000000E+00
        2.7000000000E-01        1.0000000000E+00
        6.7000000000E-02        1.0000000000E+00
        5.3000000000E+00        1.0000000000E+00
        1.0700000000E+00        1.0000000000E+00
        2.7000000000E-01        1.0000000000E+00
        6.7000000000E-02        1.0000000000E+00
# FITTING  BASIS  SET: (9s,4p,4d)
# Cl
gaussian
 17 17 17
 1 1 1 1 1 1 1 1 1 1 1 1 1 1 1 1 1 
 0 0 0 0 0 0 0 0 0 1 1 1 1 2 2 2 2 
        6.8270000000E+03        1.0000000000E+00
        1.3650000000E+03        1.0000000000E+00
        3.4100000000E+02        1.0000000000E+00
        8.5000000000E+01        1.0000000000E+00
        2.1000000000E+01        1.0000000000E+00
        6.7000000000E+00        1.0000000000E+00
        1.3000000000E+00        1.0000000000E+00
        3.3000000000E-01        1.0000000000E+00
        8.3000000000E-02        1.0000000000E+00
        6.7000000000E+00        1.0000000000E+00
        1.3000000000E+00        1.0000000000E+00
        3.3000000000E-01        1.0000000000E+00
        8.3000000000E-02        1.0000000000E+00
        6.7000000000E+00        1.0000000000E+00
        1.3000000000E+00        1.0000000000E+00
        3.3000000000E-01        1.0000000000E+00
        8.3000000000E-02        1.0000000000E+00
# FITTING  BASIS  SET: (9s,4p,4d)
# Ar
gaussian
 18 17 17
 1 1 1 1 1 1 1 1 1 1 1 1 1 1 1 1 1 
 0 0 0 0 0 0 0 0 0 1 1 1 1 2 2 2 2 
        8.1920000000E+03        1.0000000000E+00
        1.6380000000E+03        1.0000000000E+00
        4.1000000000E+02        1.0000000000E+00
        1.0200000000E+02        1.0000000000E+00
        2.6000000000E+01        1.0000000000E+00
        8.0000000000E+00        1.0000000000E+00
        1.6000000000E+00        1.0000000000E+00
        4.0000000000E-01        1.0000000000E+00
        1.0000000000E-01        1.0000000000E+00
        8.0000000000E+00        1.0000000000E+00
        1.6000000000E+00        1.0000000000E+00
        4.0000000000E-01        1.0000000000E+00
        1.0000000000E-01        1.0000000000E+00
        8.0000000000E+00        1.0000000000E+00
        1.6000000000E+00        1.0000000000E+00
        4.0000000000E-01        1.0000000000E+00
        1.0000000000E-01        1.0000000000E+00
# FITTING  BASIS  SET: (10s,5p,4d)
# K
gaussian
 19 19 19
 1 1 1 1 1 1 1 1 1 1 1 1 1 1 1 1 1 1 1 
 0 0 0 0 0 0 0 0 0 0 1 1 1 1 1 2 2 2 2 
        3.2800000000E+03        1.0000000000E+00
        6.5600000000E+02        1.0000000000E+00
        1.6400000000E+02        1.0000000000E+00
        4.0900000000E+01        1.0000000000E+00
        1.0200000000E+01        1.0000000000E+00
        1.2000000000E-02        1.0000000000E+00
        3.2000000000E+00        1.0000000000E+00
        6.4000000000E-01        1.0000000000E+00
        1.6000000000E-01        1.0000000000E+00
        4.0000000000E-02        1.0000000000E+00
        1.2000000000E-02        1.0000000000E+00
        3.2000000000E+00        1.0000000000E+00
        6.4000000000E-01        1.0000000000E+00
        1.6000000000E-01        1.0000000000E+00
        4.0000000000E-02        1.0000000000E+00
        3.2000000000E+00        1.0000000000E+00
        6.4000000000E-01        1.0000000000E+00
        1.6000000000E-01        1.0000000000E+00
        4.0000000000E-02        1.0000000000E+00
# FITTING  BASIS  SET: (10s,5p,4d)
# Ca
gaussian
 20 19 19
 1 1 1 1 1 1 1 1 1 1 1 1 1 1 1 1 1 1 1 
 0 0 0 0 0 0 0 0 0 0 1 1 1 1 1 2 2 2 2 
        4.6500000000E+03        1.0000000000E+00
        9.3300000000E+02        1.0000000000E+00
        2.3300000000E+02        1.0000000000E+00
        5.8000000000E+01        1.0000000000E+00
        1.4500000000E+01        1.0000000000E+00
        1.8000000000E-02        1.0000000000E+00
        4.5300000000E+00        1.0000000000E+00
        9.0000000000E-01        1.0000000000E+00
        2.3000000000E-01        1.0000000000E+00
        6.0000000000E-02        1.0000000000E+00
        1.8000000000E-02        1.0000000000E+00
        4.5300000000E+00        1.0000000000E+00
        9.0000000000E-01        1.0000000000E+00
        2.3000000000E-01        1.0000000000E+00
        6.0000000000E-02        1.0000000000E+00
        4.5300000000E+00        1.0000000000E+00
        9.0000000000E-01        1.0000000000E+00
        2.3000000000E-01        1.0000000000E+00
        6.0000000000E-02        1.0000000000E+00
# FITTING  BASIS  SET: (10s,5p,5d)
# Sc
gaussian
 21 20 20
 1 1 1 1 1 1 1 1 1 1 1 1 1 1 1 1 1 1 1 1 
 0 0 0 0 0 0 0 0 0 0 1 1 1 1 1 2 2 2 2 2 
        7.0000000000E+03        1.0000000000E+00
        1.4000000000E+03        1.0000000000E+00
        3.5000000000E+02        1.0000000000E+00
        8.7540000000E+01        1.0000000000E+00
        2.2000000000E+01        1.0000000000E+00
        6.8000000000E+00        1.0000000000E+00
        1.3600000000E+00        1.0000000000E+00
        3.4000000000E-01        1.0000000000E+00
        8.5000000000E-02        1.0000000000E+00
        2.1000000000E-02        1.0000000000E+00
        6.8000000000E+00        1.0000000000E+00
        1.3600000000E+00        1.0000000000E+00
        3.4000000000E-01        1.0000000000E+00
        8.5000000000E-02        1.0000000000E+00
        2.1000000000E-02        1.0000000000E+00
        6.8000000000E+01        1.0000000000E+00
        1.3600000000E+00        1.0000000000E+00
        3.4000000000E+00        1.0000000000E+00
        8.5000000000E-02        1.0000000000E+00
        2.1000000000E-02        1.0000000000E+00
# FITTING  BASIS  SET: (10s,5p,5d)
# Ti
gaussian
 22 20 20
 1 1 1 1 1 1 1 1 1 1 1 1 1 1 1 1 1 1 1 1 
 0 0 0 0 0 0 0 0 0 0 1 1 1 1 1 2 2 2 2 2 
        9.3000000000E+03        1.0000000000E+00
        1.8000000000E+03        1.0000000000E+00
        4.6000000000E+02        1.0000000000E+00
        1.1500000000E+02        1.0000000000E+00
        2.9000000000E+01        1.0000000000E+00
        9.0000000000E+00        1.0000000000E+00
        1.8100000000E+00        1.0000000000E+00
        4.5000000000E-01        1.0000000000E+00
        1.1000000000E-01        1.0000000000E+00
        2.8000000000E-02        1.0000000000E+00
        9.0000000000E+00        1.0000000000E+00
        1.8100000000E+00        1.0000000000E+00
        4.5000000000E-01        1.0000000000E+00
        1.1000000000E-01        1.0000000000E+00
        2.8000000000E-02        1.0000000000E+00
        9.0000000000E+00        1.0000000000E+00
        1.8100000000E+00        1.0000000000E+00
        4.5000000000E-01        1.0000000000E+00
        1.1000000000E-01        1.0000000000E+00
        2.8000000000E-02        1.0000000000E+00
# FITTING  BASIS  SET: (10s,5p,5d)
# V
gaussian
 23 20 20
 1 1 1 1 1 1 1 1 1 1 1 1 1 1 1 1 1 1 1 1 
 0 0 0 0 0 0 0 0 0 0 1 1 1 1 1 2 2 2 2 2 
        1.1000000000E+04        1.0000000000E+00
        2.2000000000E+03        1.0000000000E+00
        5.5000000000E+02        1.0000000000E+00
        1.3700000000E+02        1.0000000000E+00
        3.5000000000E+01        1.0000000000E+00
        1.1000000000E+01        1.0000000000E+00
        2.1500000000E+00        1.0000000000E+00
        5.4000000000E-01        1.0000000000E+00
        1.3000000000E-01        1.0000000000E+00
        3.3000000000E-02        1.0000000000E+00
        1.1000000000E+01        1.0000000000E+00
        2.1500000000E+00        1.0000000000E+00
        5.4000000000E-01        1.0000000000E+00
        1.3000000000E-01        1.0000000000E+00
        3.3000000000E-02        1.0000000000E+00
        1.1000000000E+01        1.0000000000E+00
        2.1500000000E+00        1.0000000000E+00
        5.4000000000E-01        1.0000000000E+00
        1.3000000000E-01        1.0000000000E+00
        3.3000000000E-02        1.0000000000E+00
# FITTING  BASIS  SET: (10s,5p,5d)
# Cr
gaussian
 24 20 20
 1 1 1 1 1 1 1 1 1 1 1 1 1 1 1 1 1 1 1 1 
 0 0 0 0 0 0 0 0 0 0 1 1 1 1 1 2 2 2 2 2 
        1.2300000000E+04        1.0000000000E+00
        2.4600000000E+03        1.0000000000E+00
        6.1600000000E+02        1.0000000000E+00
        1.5400000000E+02        1.0000000000E+00
        3.8500000000E+01        1.0000000000E+00
        1.2300000000E+01        1.0000000000E+00
        2.4500000000E+00        1.0000000000E+00
        6.1000000000E-01        1.0000000000E+00
        1.5000000000E-01        1.0000000000E+00
        4.0000000000E-02        1.0000000000E+00
        1.2300000000E+01        1.0000000000E+00
        2.4500000000E+00        1.0000000000E+00
        6.1000000000E-01        1.0000000000E+00
        1.5000000000E-01        1.0000000000E+00
        4.0000000000E-02        1.0000000000E+00
        1.2300000000E+01        1.0000000000E+00
        2.4500000000E+00        1.0000000000E+00
        6.1000000000E-01        1.0000000000E+00
        1.5000000000E-01        1.0000000000E+00
        4.0000000000E-02        1.0000000000E+00
# FITTING  BASIS  SET: (10s,5p,5d)
# Mn
gaussian
 25 20 20
 1 1 1 1 1 1 1 1 1 1 1 1 1 1 1 1 1 1 1 1 
 0 0 0 0 0 0 0 0 0 0 1 1 1 1 1 2 2 2 2 2 
        1.3600000000E+04        1.0000000000E+00
        2.7300000000E+03        1.0000000000E+00
        6.8300000000E+02        1.0000000000E+00
        1.7000000000E+02        1.0000000000E+00
        4.2000000000E+01        1.0000000000E+00
        1.3300000000E+01        1.0000000000E+00
        2.7000000000E+00        1.0000000000E+00
        6.6000000000E-01        1.0000000000E+00
        1.7000000000E-01        1.0000000000E+00
        4.1000000000E-02        1.0000000000E+00
        1.3300000000E+01        1.0000000000E+00
        2.7000000000E+00        1.0000000000E+00
        6.6000000000E-01        1.0000000000E+00
        1.7000000000E-01        1.0000000000E+00
        4.1000000000E-02        1.0000000000E+00
        1.3300000000E+01        1.0000000000E+00
        2.7000000000E+00        1.0000000000E+00
        6.6000000000E-01        1.0000000000E+00
        1.7000000000E-01        1.0000000000E+00
        4.1000000000E-02        1.0000000000E+00
# FITTING  BASIS  SET: (10s,5p,5d)
# Fe
gaussian
 26 20 20
 1 1 1 1 1 1 1 1 1 1 1 1 1 1 1 1 1 1 1 1 
 0 0 0 0 0 0 0 0 0 0 1 1 1 1 1 2 2 2 2 2 
        1.4700000000E+04        1.0000000000E+00
        2.9300000000E+03        1.0000000000E+00
        7.3000000000E+02        1.0000000000E+00
        1.8000000000E+02        1.0000000000E+00
        4.6000000000E+01        1.0000000000E+00
        1.4400000000E+01        1.0000000000E+00
        2.9000000000E+00        1.0000000000E+00
        7.2000000000E-01        1.0000000000E+00
        1.8000000000E-01        1.0000000000E+00
        4.5000000000E-02        1.0000000000E+00
        1.4400000000E+01        1.0000000000E+00
        2.9000000000E+00        1.0000000000E+00
        7.2000000000E-01        1.0000000000E+00
        1.8000000000E-01        1.0000000000E+00
        4.5000000000E-02        1.0000000000E+00
        1.4400000000E+01        1.0000000000E+00
        2.9000000000E+00        1.0000000000E+00
        7.2000000000E-01        1.0000000000E+00
        1.8000000000E-01        1.0000000000E+00
        4.5000000000E-02        1.0000000000E+00
# FITTING  BASIS  SET: (10s,5p,5d)
# Co
gaussian
 27 20 20
 1 1 1 1 1 1 1 1 1 1 1 1 1 1 1 1 1 1 1 1 
 0 0 0 0 0 0 0 0 0 0 1 1 1 1 1 2 2 2 2 2 
        1.5700000000E+04        1.0000000000E+00
        3.1300000000E+03        1.0000000000E+00
        7.8300000000E+02        1.0000000000E+00
        1.9500000000E+02        1.0000000000E+00
        4.9000000000E+01        1.0000000000E+00
        1.5300000000E+01        1.0000000000E+00
        3.0600000000E+00        1.0000000000E+00
        7.6000000000E-01        1.0000000000E+00
        1.9000000000E-01        1.0000000000E+00
        4.8000000000E-02        1.0000000000E+00
        1.5300000000E+01        1.0000000000E+00
        3.0600000000E+00        1.0000000000E+00
        7.6000000000E-01        1.0000000000E+00
        1.9000000000E-01        1.0000000000E+00
        4.8000000000E-02        1.0000000000E+00
        1.5300000000E+01        1.0000000000E+00
        3.0600000000E+00        1.0000000000E+00
        7.6000000000E-01        1.0000000000E+00
        1.9000000000E-01        1.0000000000E+00
        4.8000000000E-02        1.0000000000E+00
# FITTING  BASIS  SET: (10s,5p,5d)
# Ni
gaussian
 28 20 20
 1 1 1 1 1 1 1 1 1 1 1 1 1 1 1 1 1 1 1 1 
 0 0 0 0 0 0 0 0 0 0 1 1 1 1 1 2 2 2 2 2 
        1.6600000000E+04        1.0000000000E+00
        3.3300000000E+03        1.0000000000E+00
        8.3300000000E+02        1.0000000000E+00
        2.0800000000E+02        1.0000000000E+00
        5.2500000000E+01        1.0000000000E+00
        1.6000000000E+01        1.0000000000E+00
        3.2300000000E+00        1.0000000000E+00
        8.0000000000E-01        1.0000000000E+00
        2.0000000000E-01        1.0000000000E+00
        5.1000000000E-02        1.0000000000E+00
        1.6000000000E+01        1.0000000000E+00
        3.2300000000E+00        1.0000000000E+00
        8.0000000000E-01        1.0000000000E+00
        2.0000000000E-01        1.0000000000E+00
        5.1000000000E-02        1.0000000000E+00
        1.6000000000E+01        1.0000000000E+00
        3.2300000000E+00        1.0000000000E+00
        8.0000000000E-01        1.0000000000E+00
        2.0000000000E-01        1.0000000000E+00
        5.1000000000E-02        1.0000000000E+00
# FITTING  BASIS  SET: (10s,5p,5d)
# Cu
gaussian
 29 20 20
 1 1 1 1 1 1 1 1 1 1 1 1 1 1 1 1 1 1 1 1 
 0 0 0 0 0 0 0 0 0 0 1 1 1 1 1 2 2 2 2 2 
        1.7700000000E+04        1.0000000000E+00
        3.5300000000E+03        1.0000000000E+00
        8.8000000000E+02        1.0000000000E+00
        2.2000000000E+02        1.0000000000E+00
        5.5000000000E+01        1.0000000000E+00
        1.7000000000E+01        1.0000000000E+00
        3.4300000000E+00        1.0000000000E+00
        8.6000000000E-01        1.0000000000E+00
        2.1300000000E-01        1.0000000000E+00
        5.3000000000E-02        1.0000000000E+00
        1.7000000000E+01        1.0000000000E+00
        3.4300000000E+00        1.0000000000E+00
        8.6000000000E-01        1.0000000000E+00
        2.1300000000E-01        1.0000000000E+00
        5.3000000000E-02        1.0000000000E+00
        1.7000000000E+01        1.0000000000E+00
        3.4300000000E+00        1.0000000000E+00
        8.6000000000E-01        1.0000000000E+00
        2.1300000000E-01        1.0000000000E+00
        5.3000000000E-02        1.0000000000E+00
# FITTING  BASIS  SET: (10s,5p,5d)
# Zn
gaussian
 30 20 20
 1 1 1 1 1 1 1 1 1 1 1 1 1 1 1 1 1 1 1 1 
 0 0 0 0 0 0 0 0 0 0 1 1 1 1 1 2 2 2 2 2 
        2.5200000000E+04        1.0000000000E+00
        5.0300000000E+03        1.0000000000E+00
        1.2660000000E+03        1.0000000000E+00
        3.1500000000E+02        1.0000000000E+00
        7.8700000000E+01        1.0000000000E+00
        2.4600000000E+01        1.0000000000E+00
        4.9000000000E+00        1.0000000000E+00
        1.2300000000E+00        1.0000000000E+00
        3.0700000000E-01        1.0000000000E+00
        7.7000000000E-02        1.0000000000E+00
        2.4600000000E+01        1.0000000000E+00
        4.9000000000E+00        1.0000000000E+00
        1.2300000000E+00        1.0000000000E+00
        3.0700000000E-01        1.0000000000E+00
        7.7000000000E-02        1.0000000000E+00
        2.4600000000E+01        1.0000000000E+00
        4.9000000000E+00        1.0000000000E+00
        1.2300000000E+00        1.0000000000E+00
        3.0700000000E-01        1.0000000000E+00
        7.7000000000E-02        1.0000000000E+00
# FITTING  BASIS  SET: (10s,5p,5d)
# Ga
gaussian
 31 20 20
 1 1 1 1 1 1 1 1 1 1 1 1 1 1 1 1 1 1 1 1 
 0 0 0 0 0 0 0 0 0 0 1 1 1 1 1 2 2 2 2 2 
        8.9600000000E+03        1.0000000000E+00
        1.7920000000E+03        1.0000000000E+00
        4.4800000000E+02        1.0000000000E+00
        1.1200000000E+02        1.0000000000E+00
        2.8000000000E+01        1.0000000000E+00
        8.7300000000E+00        1.0000000000E+00
        1.7500000000E+00        1.0000000000E+00
        4.4000000000E-01        1.0000000000E+00
        1.1000000000E-01        1.0000000000E+00
        2.7000000000E-02        1.0000000000E+00
        8.7300000000E+00        1.0000000000E+00
        1.7500000000E+00        1.0000000000E+00
        4.4000000000E-01        1.0000000000E+00
        1.1000000000E-01        1.0000000000E+00
        2.7000000000E-02        1.0000000000E+00
        8.7300000000E+00        1.0000000000E+00
        1.7500000000E+00        1.0000000000E+00
        4.4000000000E-01        1.0000000000E+00
        1.1000000000E-01        1.0000000000E+00
        2.7000000000E-02        1.0000000000E+00
# FITTING  BASIS  SET: (10s,5p,5d)
# Ge
gaussian
 32 20 20
 1 1 1 1 1 1 1 1 1 1 1 1 1 1 1 1 1 1 1 1 
 0 0 0 0 0 0 0 0 0 0 1 1 1 1 1 2 2 2 2 2 
        1.2011000000E+04        1.0000000000E+00
        2.4020000000E+03        1.0000000000E+00
        6.0100000000E+02        1.0000000000E+00
        1.5000000000E+02        1.0000000000E+00
        3.8000000000E+01        1.0000000000E+00
        1.2000000000E+01        1.0000000000E+00
        2.3500000000E+00        1.0000000000E+00
        5.9000000000E-01        1.0000000000E+00
        1.5000000000E-01        1.0000000000E+00
        3.7000000000E-02        1.0000000000E+00
        1.2000000000E+01        1.0000000000E+00
        2.3500000000E+00        1.0000000000E+00
        5.9000000000E-01        1.0000000000E+00
        1.5000000000E-01        1.0000000000E+00
        3.7000000000E-02        1.0000000000E+00
        1.2000000000E+01        1.0000000000E+00
        2.3500000000E+00        1.0000000000E+00
        5.9000000000E-01        1.0000000000E+00
        1.5000000000E-01        1.0000000000E+00
        3.7000000000E-02        1.0000000000E+00
# FITTING  BASIS  SET: (10s,5p,5d)
# As
gaussian
 33 20 20
 1 1 1 1 1 1 1 1 1 1 1 1 1 1 1 1 1 1 1 1 
 0 0 0 0 0 0 0 0 0 0 1 1 1 1 1 2 2 2 2 2 
        1.5253000000E+04        1.0000000000E+00
        3.0510000000E+03        1.0000000000E+00
        7.6300000000E+02        1.0000000000E+00
        1.9100000000E+02        1.0000000000E+00
        4.7700000000E+01        1.0000000000E+00
        1.4900000000E+01        1.0000000000E+00
        2.9900000000E+00        1.0000000000E+00
        7.5000000000E-01        1.0000000000E+00
        1.9000000000E-01        1.0000000000E+00
        4.7000000000E-02        1.0000000000E+00
        1.4900000000E+01        1.0000000000E+00
        2.9900000000E+00        1.0000000000E+00
        7.5000000000E-01        1.0000000000E+00
        1.9000000000E-01        1.0000000000E+00
        4.7000000000E-02        1.0000000000E+00
        1.4900000000E+01        1.0000000000E+00
        2.9900000000E+00        1.0000000000E+00
        7.5000000000E-01        1.0000000000E+00
        1.9000000000E-01        1.0000000000E+00
        4.7000000000E-02        1.0000000000E+00
# FITTING  BASIS  SET: (10s,5p,5d)
# Se
gaussian
 34 20 20
 1 1 1 1 1 1 1 1 1 1 1 1 1 1 1 1 1 1 1 1 
 0 0 0 0 0 0 0 0 0 0 1 1 1 1 1 2 2 2 2 2 
        1.7387000000E+04        1.0000000000E+00
        3.4770000000E+03        1.0000000000E+00
        8.6900000000E+02        1.0000000000E+00
        2.1700000000E+02        1.0000000000E+00
        5.4300000000E+01        1.0000000000E+00
        1.7000000000E+01        1.0000000000E+00
        3.4000000000E+00        1.0000000000E+00
        8.5000000000E-01        1.0000000000E+00
        2.1000000000E-01        1.0000000000E+00
        5.3000000000E-02        1.0000000000E+00
        1.7000000000E+01        1.0000000000E+00
        3.4000000000E+00        1.0000000000E+00
        8.5000000000E-01        1.0000000000E+00
        2.1000000000E-01        1.0000000000E+00
        5.3000000000E-02        1.0000000000E+00
        1.7000000000E+01        1.0000000000E+00
        3.4000000000E+00        1.0000000000E+00
        8.5000000000E-01        1.0000000000E+00
        2.1000000000E-01        1.0000000000E+00
        5.3000000000E-02        1.0000000000E+00
# FITTING  BASIS  SET: (10s,5p,5d)
# Br
gaussian
 35 20 20
 1 1 1 1 1 1 1 1 1 1 1 1 1 1 1 1 1 1 1 1 
 0 0 0 0 0 0 0 0 0 0 1 1 1 1 1 2 2 2 2 2 
        2.0827000000E+04        1.0000000000E+00
        4.1650000000E+03        1.0000000000E+00
        1.0410000000E+03        1.0000000000E+00
        2.6000000000E+02        1.0000000000E+00
        6.5000000000E+01        1.0000000000E+00
        2.0300000000E+01        1.0000000000E+00
        4.0700000000E+00        1.0000000000E+00
        1.0100000000E+00        1.0000000000E+00
        2.5000000000E-01        1.0000000000E+00
        6.3000000000E-02        1.0000000000E+00
        2.0300000000E+01        1.0000000000E+00
        4.0700000000E+00        1.0000000000E+00
        1.0100000000E+00        1.0000000000E+00
        2.5000000000E-01        1.0000000000E+00
        6.3000000000E-02        1.0000000000E+00
        2.0300000000E+01        1.0000000000E+00
        4.0700000000E+00        1.0000000000E+00
        1.0100000000E+00        1.0000000000E+00
        2.5000000000E-01        1.0000000000E+00
        6.3000000000E-02        1.0000000000E+00
# FITTING  BASIS  SET: (10s,5p,5d)
# Kr
gaussian
 36 20 20
 1 1 1 1 1 1 1 1 1 1 1 1 1 1 1 1 1 1 1 1 
 0 0 0 0 0 0 0 0 0 0 1 1 1 1 1 2 2 2 2 2 
        2.4107000000E+04        1.0000000000E+00
        4.8210000000E+03        1.0000000000E+00
        1.2050000000E+03        1.0000000000E+00
        3.0100000000E+02        1.0000000000E+00
        7.5300000000E+01        1.0000000000E+00
        2.3500000000E+01        1.0000000000E+00
        4.7000000000E+00        1.0000000000E+00
        1.1700000000E+00        1.0000000000E+00
        2.9000000000E-01        1.0000000000E+00
        7.3000000000E-02        1.0000000000E+00
        2.3500000000E+01        1.0000000000E+00
        4.7000000000E+00        1.0000000000E+00
        1.1700000000E+00        1.0000000000E+00
        2.9000000000E-01        1.0000000000E+00
        7.3000000000E-02        1.0000000000E+00
        2.3500000000E+01        1.0000000000E+00
        4.7000000000E+00        1.0000000000E+00
        1.1700000000E-01        1.0000000000E+00
        2.9000000000E-01        1.0000000000E+00
        7.3000000000E-02        1.0000000000E+00
# FITTING  BASIS  SET: (11s,6p,5d)
# Rb
gaussian
 37 22 22
 1 1 1 1 1 1 1 1 1 1 1 1 1 1 1 1 1 1 1 1 1 1 
 0 0 0 0 0 0 0 0 0 0 0 1 1 1 1 1 1 2 2 2 2 2 
        1.3000000000E+04        1.0000000000E+00
        2.7000000000E+03        1.0000000000E+00
        6.8300000000E+02        1.0000000000E+00
        1.7000000000E+02        1.0000000000E+00
        4.3000000000E+01        1.0000000000E+00
        1.1000000000E-02        1.0000000000E+00
        1.3300000000E+01        1.0000000000E+00
        2.6000000000E+00        1.0000000000E+00
        6.6000000000E+00        1.0000000000E+00
        1.7020000000E-01        1.0000000000E+00
        4.3000000000E-02        1.0000000000E+00
        1.1000000000E-02        1.0000000000E+00
        1.3300000000E+01        1.0000000000E+00
        2.6000000000E+00        1.0000000000E+00
        6.6000000000E+00        1.0000000000E+00
        1.7020000000E-01        1.0000000000E+00
        4.3000000000E-02        1.0000000000E+00
        1.3300000000E+01        1.0000000000E+00
        2.6000000000E+00        1.0000000000E+00
        6.6000000000E+00        1.0000000000E+00
        1.7020000000E-01        1.0000000000E+00
        4.3000000000E-02        1.0000000000E+00
# FITTING  BASIS  SET: (11s,6p,5d)
# Sr
gaussian
 38 22 22
 1 1 1 1 1 1 1 1 1 1 1 1 1 1 1 1 1 1 1 1 1 1 
 0 0 0 0 0 0 0 0 0 0 0 1 1 1 1 1 1 2 2 2 2 2 
        2.0000000000E+04        1.0000000000E+00
        4.1300000000E+03        1.0000000000E+00
        1.0000000000E+03        1.0000000000E+00
        2.6000000000E+02        1.0000000000E+00
        6.4000000000E+01        1.0000000000E+00
        1.6000000000E-02        1.0000000000E+00
        2.0000000000E+01        1.0000000000E+00
        4.0000000000E+00        1.0000000000E+00
        1.0000000000E+00        1.0000000000E+00
        2.5000000000E-01        1.0000000000E+00
        6.3000000000E-02        1.0000000000E+00
        1.6000000000E-02        1.0000000000E+00
        2.0000000000E+01        1.0000000000E+00
        4.0000000000E+00        1.0000000000E+00
        1.0000000000E+00        1.0000000000E+00
        2.5000000000E-01        1.0000000000E+00
        6.3000000000E-02        1.0000000000E+00
        2.0000000000E+01        1.0000000000E+00
        4.0000000000E+00        1.0000000000E+00
        1.0000000000E+00        1.0000000000E+00
        2.5020000000E-01        1.0000000000E+00
        6.3000000000E-02        1.0000000000E+00
# FITTING  BASIS  SET: (10s,5p,5d)
# Y
gaussian
 39 20 20
 1 1 1 1 1 1 1 1 1 1 1 1 1 1 1 1 1 1 1 1 
 0 0 0 0 0 0 0 0 0 0 1 1 1 1 1 2 2 2 2 2 
        4.0625000000E+04        1.0000000000E+00
        6.7710000000E+03        1.0000000000E+00
        1.3540000000E+03        1.0000000000E+00
        2.7100000000E+02        1.0000000000E+00
        5.4000000000E+01        1.0000000000E+00
        1.3000000000E+01        1.0000000000E+00
        2.1700000000E+00        1.0000000000E+00
        4.3000000000E-01        1.0000000000E+00
        8.7000000000E-02        1.0000000000E+00
        1.7000000000E-02        1.0000000000E+00
        1.3000000000E+01        1.0000000000E+00
        2.1700000000E+00        1.0000000000E+00
        4.3000000000E-01        1.0000000000E+00
        8.7000000000E-02        1.0000000000E+00
        1.7000000000E-02        1.0000000000E+00
        1.3000000000E+01        1.0000000000E+00
        2.1700000000E+00        1.0000000000E+00
        4.3000000000E-01        1.0000000000E+00
        8.7000000000E-02        1.0000000000E+00
        1.7000000000E-02        1.0000000000E+00
# FITTING  BASIS  SET: (10s,5p,5d)
# Zr
gaussian
 40 20 20
 1 1 1 1 1 1 1 1 1 1 1 1 1 1 1 1 1 1 1 1 
 0 0 0 0 0 0 0 0 0 0 1 1 1 1 1 2 2 2 2 2 
        4.6125000000E+04        1.0000000000E+00
        7.6870000000E+03        1.0000000000E+00
        1.5370000000E+03        1.0000000000E+00
        3.0700000000E+02        1.0000000000E+00
        6.1300000000E+01        1.0000000000E+00
        1.4700000000E+01        1.0000000000E+00
        2.4600000000E+00        1.0000000000E+00
        4.9300000000E-01        1.0000000000E+00
        9.8000000000E-02        1.0000000000E+00
        2.0000000000E-02        1.0000000000E+00
        1.4700000000E+01        1.0000000000E+00
        2.4600000000E+00        1.0000000000E+00
        4.9300000000E-01        1.0000000000E+00
        9.8000000000E-02        1.0000000000E+00
        2.0000000000E-02        1.0000000000E+00
        1.4700000000E+01        1.0000000000E+00
        2.4600000000E+00        1.0000000000E+00
        4.9300000000E-01        1.0000000000E+00
        9.8000000000E-02        1.0000000000E+00
        2.0000000000E-02        1.0000000000E+00
# FITTING  BASIS  SET: (10s,5p,5d)
# Nb
gaussian
 41 20 20
 1 1 1 1 1 1 1 1 1 1 1 1 1 1 1 1 1 1 1 1 
 0 0 0 0 0 0 0 0 0 0 1 1 1 1 1 2 2 2 2 2 
        5.0313800000E+04        1.0000000000E+00
        8.5850000000E+03        1.0000000000E+00
        1.6770000000E+03        1.0000000000E+00
        3.3500000000E+02        1.0000000000E+00
        6.7000000000E+01        1.0000000000E+00
        1.6100000000E+01        1.0000000000E+00
        2.6800000000E+00        1.0000000000E+00
        5.3700000000E-01        1.0000000000E+00
        1.0700000000E-01        1.0000000000E+00
        2.1000000000E-02        1.0000000000E+00
        1.6100000000E+01        1.0000000000E+00
        2.6800000000E+00        1.0000000000E+00
        5.3700000000E-01        1.0000000000E+00
        1.0700000000E-01        1.0000000000E+00
        2.1000000000E-02        1.0000000000E+00
        1.6100000000E+01        1.0000000000E+00
        2.6800000000E+00        1.0000000000E+00
        5.3700000000E+00        1.0000000000E+00
        1.0700000000E-01        1.0000000000E+00
        2.1000000000E-02        1.0000000000E+00
# FITTING  BASIS  SET: (10s,5p,5d)
# Mo
gaussian
 42 20 20
 1 1 1 1 1 1 1 1 1 1 1 1 1 1 1 1 1 1 1 1 
 0 0 0 0 0 0 0 0 0 0 1 1 1 1 1 2 2 2 2 2 
        5.4687200000E+04        1.0000000000E+00
        9.1150000000E+03        1.0000000000E+00
        1.8230000000E+03        1.0000000000E+00
        3.6540000000E+02        1.0000000000E+00
        7.3000000000E+01        1.0000000000E+00
        1.7500000000E+01        1.0000000000E+00
        2.9200000000E+00        1.0000000000E+00
        5.8300000000E-01        1.0000000000E+00
        1.1700000000E-01        1.0000000000E+00
        2.3000000000E-02        1.0000000000E+00
        1.7500000000E+01        1.0000000000E+00
        2.9200000000E+00        1.0000000000E+00
        5.8300000000E-01        1.0000000000E+00
        1.1700000000E-01        1.0000000000E+00
        2.3000000000E-02        1.0000000000E+00
        1.7500000000E+01        1.0000000000E+00
        2.9200000000E+00        1.0000000000E+00
        5.8300000000E-01        1.0000000000E+00
        1.1700000000E-01        1.0000000000E+00
        2.3000000000E-02        1.0000000000E+00
# FITTING  BASIS  SET: (10s,5p,5d)
# Tc
gaussian
 43 20 20
 1 1 1 1 1 1 1 1 1 1 1 1 1 1 1 1 1 1 1 1 
 0 0 0 0 0 0 0 0 0 0 1 1 1 1 1 2 2 2 2 2 
        5.8125500000E+04        1.0000000000E+00
        9.6870000000E+03        1.0000000000E+00
        1.9370000000E+03        1.0000000000E+00
        3.8700000000E+02        1.0000000000E+00
        7.7300000000E+01        1.0000000000E+00
        1.8600000000E+01        1.0000000000E+00
        3.1000000000E+00        1.0000000000E+00
        6.2000000000E-01        1.0000000000E+00
        1.2400000000E-01        1.0000000000E+00
        2.5000000000E-02        1.0000000000E+00
        1.8600000000E+01        1.0000000000E+00
        3.1000000000E+00        1.0000000000E+00
        6.2000000000E-01        1.0000000000E+00
        1.2400000000E-01        1.0000000000E+00
        2.5000000000E-02        1.0000000000E+00
        1.8600000000E+01        1.0000000000E+00
        3.1000000000E+00        1.0000000000E+00
        6.2000000000E-01        1.0000000000E+00
        1.2400000000E-01        1.0000000000E+00
        2.5000000000E-02        1.0000000000E+00
# FITTING  BASIS  SET: (10s,5p,5d)
# Ru
gaussian
 44 20 20
 1 1 1 1 1 1 1 1 1 1 1 1 1 1 1 1 1 1 1 1 
 0 0 0 0 0 0 0 0 0 0 1 1 1 1 1 2 2 2 2 2 
        6.0125000000E+04        1.0000000000E+00
        1.0021000000E+04        1.0000000000E+00
        2.0040000000E+03        1.0000000000E+00
        4.0100000000E+02        1.0000000000E+00
        8.0000000000E+01        1.0000000000E+00
        1.9300000000E+01        1.0000000000E+00
        3.2100000000E+00        1.0000000000E+00
        6.4000000000E-01        1.0000000000E+00
        1.2800000000E-01        1.0000000000E+00
        2.6000000000E-02        1.0000000000E+00
        1.9300000000E+01        1.0000000000E+00
        3.2100000000E+00        1.0000000000E+00
        6.4000000000E-01        1.0000000000E+00
        1.2800000000E-01        1.0000000000E+00
        2.6000000000E-02        1.0000000000E+00
        1.9300000000E+01        1.0000000000E+00
        3.2100000000E+00        1.0000000000E+00
        6.4000000000E-01        1.0000000000E+00
        1.2800000000E-01        1.0000000000E+00
        2.6000000000E-02        1.0000000000E+00
# FITTING  BASIS  SET: (10s,5p,5d)
# Rh
gaussian
 45 20 20
 1 1 1 1 1 1 1 1 1 1 1 1 1 1 1 1 1 1 1 1 
 0 0 0 0 0 0 0 0 0 0 1 1 1 1 1 2 2 2 2 2 
        6.1750000000E+04        1.0000000000E+00
        1.0292000000E+04        1.0000000000E+00
        2.0580000000E+03        1.0000000000E+00
        4.1200000000E+02        1.0000000000E+00
        8.2300000000E+01        1.0000000000E+00
        1.9700000000E+01        1.0000000000E+00
        3.2900000000E+00        1.0000000000E+00
        6.6000000000E-01        1.0000000000E+00
        1.3200000000E-01        1.0000000000E+00
        2.6000000000E-02        1.0000000000E+00
        1.9700000000E+01        1.0000000000E+00
        3.2900000000E+00        1.0000000000E+00
        6.6000000000E-01        1.0000000000E+00
        1.3200000000E-01        1.0000000000E+00
        2.6000000000E-02        1.0000000000E+00
        1.9700000000E+01        1.0000000000E+00
        3.2900000000E+00        1.0000000000E+00
        6.6000000000E-01        1.0000000000E+00
        1.3200000000E-01        1.0000000000E+00
        2.6000000000E-02        1.0000000000E+00
# FITTING  BASIS  SET: (10s,5p,5d)
# Pd
gaussian
 46 20 20
 1 1 1 1 1 1 1 1 1 1 1 1 1 1 1 1 1 1 1 1 
 0 0 0 0 0 0 0 0 0 0 1 1 1 1 1 2 2 2 2 2 
        6.2500000000E+04        1.0000000000E+00
        1.0417000000E+04        1.0000000000E+00
        2.0830000000E+03        1.0000000000E+00
        4.1700000000E+02        1.0000000000E+00
        8.3300000000E+01        1.0000000000E+00
        2.0000000000E+01        1.0000000000E+00
        3.3300000000E+00        1.0000000000E+00
        6.6700000000E-01        1.0000000000E+00
        1.3300000000E-01        1.0000000000E+00
        2.7000000000E-02        1.0000000000E+00
        2.0000000000E+01        1.0000000000E+00
        3.3300000000E+00        1.0000000000E+00
        6.6700000000E-01        1.0000000000E+00
        1.3300000000E-01        1.0000000000E+00
        2.7000000000E-02        1.0000000000E+00
        2.0000000000E+01        1.0000000000E+00
        3.3300000000E+00        1.0000000000E+00
        6.6700000000E+00        1.0000000000E+00
        1.3300000000E-01        1.0000000000E+00
        2.7000000000E-02        1.0000000000E+00
# FITTING  BASIS  SET: (10s,5p,5d)
# Ag
gaussian
 47 20 20
 1 1 1 1 1 1 1 1 1 1 1 1 1 1 1 1 1 1 1 1 
 0 0 0 0 0 0 0 0 0 0 1 1 1 1 1 2 2 2 2 2 
        6.3125000000E+04        1.0000000000E+00
        1.0521000000E+04        1.0000000000E+00
        2.1040000000E+03        1.0000000000E+00
        4.2100000000E+02        1.0000000000E+00
        8.4000000000E+01        1.0000000000E+00
        2.0300000000E+01        1.0000000000E+00
        3.3700000000E+00        1.0000000000E+00
        6.7300000000E-01        1.0000000000E+00
        1.3500000000E-01        1.0000000000E+00
        2.7000000000E-02        1.0000000000E+00
        2.0300000000E+01        1.0000000000E+00
        3.3700000000E+00        1.0000000000E+00
        6.7300000000E-01        1.0000000000E+00
        1.3500000000E-01        1.0000000000E+00
        2.7000000000E-02        1.0000000000E+00
        2.0300000000E+01        1.0000000000E+00
        3.3700000000E+00        1.0000000000E+00
        6.7300000000E-01        1.0000000000E+00
        1.3500000000E-01        1.0000000000E+00
        2.7000000000E-02        1.0000000000E+00
# FITTING  BASIS  SET: (10s,5p,5d)
# Cd
gaussian
 48 20 20
 1 1 1 1 1 1 1 1 1 1 1 1 1 1 1 1 1 1 1 1 
 0 0 0 0 0 0 0 0 0 0 1 1 1 1 1 2 2 2 2 2 
        7.6250000000E+04        1.0000000000E+00
        1.2708000000E+04        1.0000000000E+00
        2.5420000000E+03        1.0000000000E+00
        5.0800000000E+02        1.0000000000E+00
        1.0200000000E+02        1.0000000000E+00
        2.4500000000E+01        1.0000000000E+00
        4.0700000000E+00        1.0000000000E+00
        8.2000000000E-01        1.0000000000E+00
        1.6300000000E-01        1.0000000000E+00
        3.3000000000E-02        1.0000000000E+00
        2.4500000000E+01        1.0000000000E+00
        4.0700000000E+00        1.0000000000E+00
        8.2000000000E-01        1.0000000000E+00
        1.6300000000E-01        1.0000000000E+00
        3.3000000000E-02        1.0000000000E+00
        2.4500000000E+01        1.0000000000E+00
        4.0700000000E+00        1.0000000000E+00
        8.2000000000E-01        1.0000000000E+00
        1.6300000000E-01        1.0000000000E+00
        3.3000000000E-02        1.0000000000E+00
# FITTING  BASIS  SET: (10s,5p,5d)
# In
gaussian
 49 20 20
 1 1 1 1 1 1 1 1 1 1 1 1 1 1 1 1 1 1 1 1 
 0 0 0 0 0 0 0 0 0 0 1 1 1 1 1 2 2 2 2 2 
        5.4687000000E+04        1.0000000000E+00
        9.1150000000E+03        1.0000000000E+00
        1.8230000000E+03        1.0000000000E+00
        3.6500000000E+02        1.0000000000E+00
        7.3000000000E+01        1.0000000000E+00
        1.7500000000E+01        1.0000000000E+00
        2.9200000000E+00        1.0000000000E+00
        5.8300000000E-01        1.0000000000E+00
        1.1700000000E-01        1.0000000000E+00
        2.3000000000E-02        1.0000000000E+00
        1.7500000000E+01        1.0000000000E+00
        2.9200000000E+00        1.0000000000E+00
        5.8300000000E-01        1.0000000000E+00
        1.1700000000E-01        1.0000000000E+00
        2.3000000000E-02        1.0000000000E+00
        1.7500000000E+01        1.0000000000E+00
        2.9200000000E+00        1.0000000000E+00
        5.8300000000E-01        1.0000000000E+00
        1.1700000000E-01        1.0000000000E+00
        2.3000000000E-02        1.0000000000E+00
# FITTING  BASIS  SET: (10s,5p,5d)
# Sn
gaussian
 50 20 20
 1 1 1 1 1 1 1 1 1 1 1 1 1 1 1 1 1 1 1 1 
 0 0 0 0 0 0 0 0 0 0 1 1 1 1 1 2 2 2 2 2 
        6.8125000000E+04        1.0000000000E+00
        1.1354000000E+04        1.0000000000E+00
        2.2710000000E+03        1.0000000000E+00
        4.5400000000E+02        1.0000000000E+00
        9.0700000000E+01        1.0000000000E+00
        2.1700000000E+01        1.0000000000E+00
        3.6300000000E+00        1.0000000000E+00
        7.2700000000E-01        1.0000000000E+00
        1.4500000000E-01        1.0000000000E+00
        2.9000000000E-02        1.0000000000E+00
        2.1700000000E+01        1.0000000000E+00
        3.6300000000E+00        1.0000000000E+00
        7.2700000000E-01        1.0000000000E+00
        1.4500000000E-01        1.0000000000E+00
        2.9000000000E-02        1.0000000000E+00
        2.1700000000E+01        1.0000000000E+00
        3.6300000000E+00        1.0000000000E+00
        7.2700000000E-01        1.0000000000E+00
        1.4500000000E-01        1.0000000000E+00
        2.9000000000E-02        1.0000000000E+00
# FITTING  BASIS  SET: (10s,5p,5d)
# Sb
gaussian
 51 20 20
 1 1 1 1 1 1 1 1 1 1 1 1 1 1 1 1 1 1 1 1 
 0 0 0 0 0 0 0 0 0 0 1 1 1 1 1 2 2 2 2 2 
        8.4375000000E+04        1.0000000000E+00
        1.4063000000E+04        1.0000000000E+00
        2.8130000000E+03        1.0000000000E+00
        5.6300000000E+02        1.0000000000E+00
        1.1300000000E+02        1.0000000000E+00
        2.7000000000E+01        1.0000000000E+00
        4.5000000000E+00        1.0000000000E+00
        9.0000000000E-01        1.0000000000E+00
        1.8000000000E-01        1.0000000000E+00
        3.6000000000E-02        1.0000000000E+00
        2.7000000000E+01        1.0000000000E+00
        4.5000000000E+00        1.0000000000E+00
        9.0000000000E-01        1.0000000000E+00
        1.8000000000E-01        1.0000000000E+00
        3.6000000000E-02        1.0000000000E+00
        2.7000000000E+01        1.0000000000E+00
        4.5000000000E+00        1.0000000000E+00
        9.0000000000E-01        1.0000000000E+00
        1.8000000000E-01        1.0000000000E+00
        3.6000000000E-02        1.0000000000E+00
# FITTING  BASIS  SET: (10s,5p,5d)
# Te
gaussian
 52 20 20
 1 1 1 1 1 1 1 1 1 1 1 1 1 1 1 1 1 1 1 1 
 0 0 0 0 0 0 0 0 0 0 1 1 1 1 1 2 2 2 2 2 
        9.6875000000E+04        1.0000000000E+00
        1.6146000000E+04        1.0000000000E+00
        3.2290000000E+03        1.0000000000E+00
        6.4600000000E+02        1.0000000000E+00
        1.2900000000E+02        1.0000000000E+00
        3.1000000000E+01        1.0000000000E+00
        5.1700000000E+00        1.0000000000E+00
        1.0300000000E+00        1.0000000000E+00
        2.0700000000E-01        1.0000000000E+00
        4.1000000000E-02        1.0000000000E+00
        3.1000000000E+01        1.0000000000E+00
        5.1700000000E+00        1.0000000000E+00
        1.0300000000E+00        1.0000000000E+00
        2.0700000000E-01        1.0000000000E+00
        4.1000000000E-02        1.0000000000E+00
        3.1000000000E+01        1.0000000000E+00
        5.1700000000E+00        1.0000000000E+00
        1.0300000000E+00        1.0000000000E+00
        2.0700000000E-01        1.0000000000E+00
        4.1000000000E-02        1.0000000000E+00
# FITTING  BASIS  SET: (10s,5p,5d)
# I
gaussian
 53 20 20
 1 1 1 1 1 1 1 1 1 1 1 1 1 1 1 1 1 1 1 1 
 0 0 0 0 0 0 0 0 0 0 1 1 1 1 1 2 2 2 2 2 
        1.1187500000E+05        1.0000000000E+00
        1.8646000000E+04        1.0000000000E+00
        3.7290000000E+03        1.0000000000E+00
        7.4600000000E+02        1.0000000000E+00
        1.4900000000E+02        1.0000000000E+00
        3.5700000000E+01        1.0000000000E+00
        5.9700000000E+00        1.0000000000E+00
        1.1900000000E+00        1.0000000000E+00
        2.3800000000E-01        1.0000000000E+00
        4.8000000000E-02        1.0000000000E+00
        3.5700000000E+01        1.0000000000E+00
        5.9700000000E+00        1.0000000000E+00
        1.1900000000E+00        1.0000000000E+00
        2.3800000000E-01        1.0000000000E+00
        4.8000000000E-02        1.0000000000E+00
        3.5700000000E+01        1.0000000000E+00
        5.9700000000E+00        1.0000000000E+00
        1.1900000000E+00        1.0000000000E+00
        2.3800000000E-01        1.0000000000E+00
        4.8000000000E-02        1.0000000000E+00
endbasis
