# BASIS "cd basis" print
# FITTING  BASIS  SET: (4s,1p,1d)
# H
gaussian
 1 6 6
 1 1 1 1 1 1 
 0 0 0 0 1 2 
        4.5000000000E+01        1.0000000000E+00
        7.5000000000E+00        1.0000000000E+00
        3.0000000000E-01        1.0000000000E+00
        1.5000000000E+00        1.0000000000E+00
        1.5000000000E+00        1.0000000000E+00
        1.5000000000E+00        1.0000000000E+00
# FITTING  BASIS  SET: (8s,4p,4d)
# C
gaussian
 6 16 16
 1 1 1 1 1 1 1 1 1 1 1 1 1 1 1 1 
 0 0 0 0 0 0 0 0 1 1 1 1 2 2 2 2 
        1.5000000000E+03        1.0000000000E+00
        3.3000000000E+02        1.0000000000E+00
        9.4320000000E+01        1.0000000000E+00
        2.7000000000E+01        1.0000000000E+00
        9.9200000000E+00        1.0000000000E+00
        2.2000000000E+00        1.0000000000E+00
        6.3000000000E-01        1.0000000000E+00
        1.8000000000E-01        1.0000000000E+00
        9.9200000000E+00        1.0000000000E+00
        2.2000000000E+00        1.0000000000E+00
        6.3000000000E-01        1.0000000000E+00
        1.8000000000E-01        1.0000000000E+00
        9.9200000000E+00        1.0000000000E+00
        2.2000000000E+00        1.0000000000E+00
        6.3000000000E-01        1.0000000000E+00
        1.8000000000E-01        1.0000000000E+00
# FITTING  BASIS  SET: (8s,4p,4d)
# N
gaussian
 7 16 16
 1 1 1 1 1 1 1 1 1 1 1 1 1 1 1 1 
 0 0 0 0 0 0 0 0 1 1 1 1 2 2 2 2 
        2.0660000000E+03        1.0000000000E+00
        4.5900000000E+02        1.0000000000E+00
        1.3100000000E+02        1.0000000000E+00
        3.7500000000E+01        1.0000000000E+00
        1.3800000000E+01        1.0000000000E+00
        3.0600000000E+00        1.0000000000E+00
        8.8000000000E-01        1.0000000000E+00
        2.5000000000E-01        1.0000000000E+00
        1.3800000000E+01        1.0000000000E+00
        3.0600000000E+00        1.0000000000E+00
        8.8000000000E-01        1.0000000000E+00
        2.5000000000E-01        1.0000000000E+00
        1.3800000000E+01        1.0000000000E+00
        3.0600000000E+00        1.0000000000E+00
        8.8000000000E-01        1.0000000000E+00
        2.5000000000E-01        1.0000000000E+00
# FITTING  BASIS  SET: (8s,4p,4d)
# O
gaussian
 8 16 16
 1 1 1 1 1 1 1 1 1 1 1 1 1 1 1 1 
 0 0 0 0 0 0 0 0 1 1 1 1 2 2 2 2 
        2.5660000000E+03        1.0000000000E+00
        5.7000000000E+02        1.0000000000E+00
        1.6300000000E+02        1.0000000000E+00
        4.6500000000E+01        1.0000000000E+00
        1.7000000000E+01        1.0000000000E+00
        3.8000000000E+00        1.0000000000E+00
        1.0800000000E+00        1.0000000000E+00
        3.1000000000E-01        1.0000000000E+00
        1.7000000000E+01        1.0000000000E+00
        3.8000000000E+00        1.0000000000E+00
        1.0800000000E+00        1.0000000000E+00
        3.1000000000E-01        1.0000000000E+00
        1.7000000000E+01        1.0000000000E+00
        3.8000000000E+00        1.0000000000E+00
        1.0800000000E+00        1.0000000000E+00
        3.1000000000E-01        1.0000000000E+00
# FITTING  BASIS  SET: (8s,4p,4d)
# F
gaussian
 9 16 16
 1 1 1 1 1 1 1 1 1 1 1 1 1 1 1 1 
 0 0 0 0 0 0 0 0 1 1 1 1 2 2 2 2 
        3.1000000000E+03        1.0000000000E+00
        6.9000000000E+02        1.0000000000E+00
        1.9700000000E+02        1.0000000000E+00
        5.6300000000E+01        1.0000000000E+00
        2.1000000000E+01        1.0000000000E+00
        4.6000000000E+00        1.0000000000E+00
        1.3300000000E+00        1.0000000000E+00
        3.8000000000E-01        1.0000000000E+00
        2.1000000000E+01        1.0000000000E+00
        4.6000000000E+00        1.0000000000E+00
        1.3300000000E+00        1.0000000000E+00
        3.8000000000E-01        1.0000000000E+00
        2.1000000000E+01        1.0000000000E+00
        4.6000000000E+00        1.0000000000E+00
        1.3300000000E+00        1.0000000000E+00
        3.8000000000E-01        1.0000000000E+00
# FITTING  BASIS  SET: (9s,4p,4d)
# Al
gaussian
 13 17 17
 1 1 1 1 1 1 1 1 1 1 1 1 1 1 1 1 1 
 0 0 0 0 0 0 0 0 0 1 1 1 1 2 2 2 2 
        6.8610000000E+03        1.0000000000E+00
        1.3720000000E+03        1.0000000000E+00
        3.4300000000E+02        1.0000000000E+00
        8.5800000000E+01        1.0000000000E+00
        2.1400000000E+01        1.0000000000E+00
        6.7200000000E+00        1.0000000000E+00
        1.3400000000E+00        1.0000000000E+00
        3.4000000000E-01        1.0000000000E+00
        8.4000000000E-02        1.0000000000E+00
        6.7200000000E+00        1.0000000000E+00
        1.3400000000E+00        1.0000000000E+00
        3.4000000000E-01        1.0000000000E+00
        8.4000000000E-02        1.0000000000E+00
        6.7200000000E+00        1.0000000000E+00
        1.3400000000E+00        1.0000000000E+00
        3.4000000000E-01        1.0000000000E+00
        8.4000000000E-02        1.0000000000E+00
# FITTING  BASIS  SET: (9s,4p,4d)
# Si
gaussian
 14 17 17
 1 1 1 1 1 1 1 1 1 1 1 1 1 1 1 1 1 
 0 0 0 0 0 0 0 0 0 1 1 1 1 2 2 2 2 
        9.8300000000E+03        1.0000000000E+00
        1.9660000000E+03        1.0000000000E+00
        4.9200000000E+02        1.0000000000E+00
        1.2300000000E+02        1.0000000000E+00
        3.0720000000E+01        1.0000000000E+00
        9.6000000000E+00        1.0000000000E+00
        1.9200000000E+00        1.0000000000E+00
        4.8000000000E-01        1.0000000000E+00
        1.2000000000E-01        1.0000000000E+00
        9.6000000000E+00        1.0000000000E+00
        1.9200000000E+00        1.0000000000E+00
        4.8000000000E-01        1.0000000000E+00
        1.2000000000E-01        1.0000000000E+00
        9.6000000000E+00        1.0000000000E+00
        1.9200000000E+00        1.0000000000E+00
        4.8000000000E-01        1.0000000000E+00
        1.2000000000E-01        1.0000000000E+00
# FITTING  BASIS  SET: (9s,4p,4d)
# P
gaussian
 15 17 17
 1 1 1 1 1 1 1 1 1 1 1 1 1 1 1 1 1 
 0 0 0 0 0 0 0 0 0 1 1 1 1 2 2 2 2 
        1.3107000000E+04        1.0000000000E+00
        2.6210000000E+03        1.0000000000E+00
        6.5500000000E+02        1.0000000000E+00
        1.6400000000E+02        1.0000000000E+00
        4.1000000000E+01        1.0000000000E+00
        1.3000000000E+01        1.0000000000E+00
        2.6000000000E+00        1.0000000000E+00
        6.4000000000E-01        1.0000000000E+00
        1.6000000000E-01        1.0000000000E+00
        1.3000000000E+01        1.0000000000E+00
        2.6000000000E+00        1.0000000000E+00
        6.4000000000E-01        1.0000000000E+00
        1.6000000000E-01        1.0000000000E+00
        1.3000000000E+01        1.0000000000E+00
        2.6000000000E+00        1.0000000000E+00
        6.4000000000E-01        1.0000000000E+00
        1.6000000000E-01        1.0000000000E+00
# FITTING  BASIS  SET: (9s,4p,4d)
# S
gaussian
 16 17 17
 1 1 1 1 1 1 1 1 1 1 1 1 1 1 1 1 1 
 0 0 0 0 0 0 0 0 0 1 1 1 1 2 2 2 2 
        1.6384000000E+04        1.0000000000E+00
        3.2770000000E+03        1.0000000000E+00
        8.1900000000E+02        1.0000000000E+00
        2.0500000000E+02        1.0000000000E+00
        5.1000000000E+01        1.0000000000E+00
        1.6000000000E+01        1.0000000000E+00
        3.2000000000E+00        1.0000000000E+00
        8.0000000000E-01        1.0000000000E+00
        2.0000000000E-01        1.0000000000E+00
        1.6000000000E+01        1.0000000000E+00
        3.2000000000E+00        1.0000000000E+00
        8.0000000000E-01        1.0000000000E+00
        2.0000000000E-01        1.0000000000E+00
        1.6000000000E+01        1.0000000000E+00
        3.2000000000E+00        1.0000000000E+00
        8.0000000000E-01        1.0000000000E+00
        2.0000000000E-01        1.0000000000E+00
# FITTING  BASIS  SET: (9s,4p,4d)
# Cl
gaussian
 17 17 17
 1 1 1 1 1 1 1 1 1 1 1 1 1 1 1 1 1 
 0 0 0 0 0 0 0 0 0 1 1 1 1 2 2 2 2 
        2.0480000000E+04        1.0000000000E+00
        4.0960000000E+03        1.0000000000E+00
        1.0240000000E+03        1.0000000000E+00
        2.5600000000E+02        1.0000000000E+00
        6.4000000000E+01        1.0000000000E+00
        2.0000000000E+01        1.0000000000E+00
        4.0000000000E+00        1.0000000000E+00
        1.0000000000E+00        1.0000000000E+00
        2.5000000000E-01        1.0000000000E+00
        2.0000000000E+01        1.0000000000E+00
        4.0000000000E+00        1.0000000000E+00
        1.0000000000E+00        1.0000000000E+00
        2.5000000000E-01        1.0000000000E+00
        2.0000000000E+01        1.0000000000E+00
        4.0000000000E+00        1.0000000000E+00
        1.0000000000E+00        1.0000000000E+00
        2.5000000000E-01        1.0000000000E+00
endbasis
