#  cc-pV5Z-RI  EMSL  Basis Set Exchange Library  3/20/15 8:53 PM
# Elements                             References
# --------                             ----------
# H He Li Be B C N O F Ne Na Mg Al Si P S Cl Ar : Christof Hattig, Optimization of auxiliary basis sets for RI-MP2 and RI-CC2 calculations: Core-valence and quintuple-? basis sets for H to Ar and QZVPP basis sets for Li to Kr, Physical Chemistry Chemical Physics 7, 59 (2005).
# 




# This basis set uses spherical components
# HYDROGEN
#
# Primary Functions: (6s,5p,4d,3f,2g,1h)
# Augmenting Functions: (6s,5p,4d,3f,2g,1h)
gaussian
 1 21 21
 1 1 1 1 1 1 1 1 1 1 1 1 1 1 1 1 1 1 1 1 1 
 0 0 0 0 0 0 1 1 1 1 1 2 2 2 2 3 3 3 4 4 5 
        2.3321500000E+01        1.0000000000E+00
        4.9229700000E+00        1.0000000000E+00
        1.7751000000E+00        1.0000000000E+00
        9.9421800000E-01        1.0000000000E+00
        5.0605400000E-01        1.0000000000E+00
        2.3691100000E-01        1.0000000000E+00
        5.9745800000E+00        1.0000000000E+00
        2.0521700000E+00        1.0000000000E+00
        1.2486600000E+00        1.0000000000E+00
        8.0554500000E-01        1.0000000000E+00
        3.4789200000E-01        1.0000000000E+00
        3.8581600000E+00        1.0000000000E+00
        1.7106300000E+00        1.0000000000E+00
        9.7923700000E-01        1.0000000000E+00
        6.2536600000E-01        1.0000000000E+00
        3.1015100000E+00        1.0000000000E+00
        1.1981100000E+00        1.0000000000E+00
        5.7287300000E-01        1.0000000000E+00
        2.9878000000E+00        1.0000000000E+00
        1.2319200000E+00        1.0000000000E+00
        3.2473900000E+00        1.0000000000E+00
# HELIUM
#
# Primary Functions: (6s,5p,4d,3f,2g,1h)
# Augmenting Functions: (6s,5p,4d,3f,2g,1h)
gaussian
 2 21 21
 1 1 1 1 1 1 1 1 1 1 1 1 1 1 1 1 1 1 1 1 1 
 0 0 0 0 0 0 1 1 1 1 1 2 2 2 2 3 3 3 4 4 5 
        6.9957700000E+01        1.0000000000E+00
        1.5569200000E+01        1.0000000000E+00
        5.0269400000E+00        1.0000000000E+00
        1.9974600000E+00        1.0000000000E+00
        8.4799900000E-01        1.0000000000E+00
        3.7325700000E-01        1.0000000000E+00
        1.4241400000E+01        1.0000000000E+00
        4.7851000000E+00        1.0000000000E+00
        3.2881400000E+00        1.0000000000E+00
        1.8993300000E+00        1.0000000000E+00
        7.7221800000E-01        1.0000000000E+00
        1.1057200000E+01        1.0000000000E+00
        5.7622300000E+00        1.0000000000E+00
        3.5200600000E+00        1.0000000000E+00
        1.3400900000E+00        1.0000000000E+00
        8.2914600000E+00        1.0000000000E+00
        5.4501100000E+00        1.0000000000E+00
        2.2671400000E+00        1.0000000000E+00
        8.2203100000E+00        1.0000000000E+00
        4.1598200000E+00        1.0000000000E+00
        5.8480000000E+00        1.0000000000E+00
# LITHIUM
#
# Primary Functions: (10s,8p,7d,6f,4g,3h,1i)
# Augmenting Functions: (10s,8p,7d,6f,4g,3h,1i)
gaussian
 3 39 39
 1 1 1 1 1 1 1 1 1 1 1 1 1 1 1 1 1 1 1 1 1 1 1 1 1 1 1 1 1 1 1 1 1 1 1 1 1 1 1 
 0 0 0 0 0 0 0 0 0 0 1 1 1 1 1 1 1 1 2 2 2 2 2 2 2 3 3 3 3 3 3 4 4 4 4 5 5 5 6 
        1.1555300000E+02        1.0000000000E+00
        2.4228600000E+01        1.0000000000E+00
        7.7953700000E+00        1.0000000000E+00
        2.8913600000E+00        1.0000000000E+00
        1.4239400000E+00        1.0000000000E+00
        7.0591700000E-01        1.0000000000E+00
        3.8012300000E-01        1.0000000000E+00
        2.4690100000E-01        1.0000000000E+00
        1.2353200000E-01        1.0000000000E+00
        6.4288100000E-02        1.0000000000E+00
        2.0093900000E+01        1.0000000000E+00
        6.0814900000E+00        1.0000000000E+00
        2.3472600000E+00        1.0000000000E+00
        1.0299500000E+00        1.0000000000E+00
        5.2019000000E-01        1.0000000000E+00
        2.2327600000E-01        1.0000000000E+00
        1.2126100000E-01        1.0000000000E+00
        7.2777500000E-02        1.0000000000E+00
        6.9635800000E+00        1.0000000000E+00
        2.6815300000E+00        1.0000000000E+00
        1.3516300000E+00        1.0000000000E+00
        7.7189300000E-01        1.0000000000E+00
        3.3964400000E-01        1.0000000000E+00
        1.7345200000E-01        1.0000000000E+00
        1.0107800000E-01        1.0000000000E+00
        3.2294900000E+00        1.0000000000E+00
        1.3492900000E+00        1.0000000000E+00
        7.6464000000E-01        1.0000000000E+00
        4.1551900000E-01        1.0000000000E+00
        2.5928000000E-01        1.0000000000E+00
        1.5601300000E-01        1.0000000000E+00
        1.8196400000E+00        1.0000000000E+00
        8.5651700000E-01        1.0000000000E+00
        4.3491000000E-01        1.0000000000E+00
        1.9618800000E-01        1.0000000000E+00
        1.1852800000E+00        1.0000000000E+00
        5.9867200000E-01        1.0000000000E+00
        4.2711900000E-01        1.0000000000E+00
        5.9867200000E-01        1.0000000000E+00
# BERYLLIUM
#
# Primary Functions: (10s,8p,7d,6f,4g,3h,1i)
# Augmenting Functions: (10s,8p,7d,6f,4g,3h,1i)
gaussian
 4 39 39
 1 1 1 1 1 1 1 1 1 1 1 1 1 1 1 1 1 1 1 1 1 1 1 1 1 1 1 1 1 1 1 1 1 1 1 1 1 1 1 
 0 0 0 0 0 0 0 0 0 0 1 1 1 1 1 1 1 1 2 2 2 2 2 2 2 3 3 3 3 3 3 4 4 4 4 5 5 5 6 
        1.5547600000E+02        1.0000000000E+00
        3.3616500000E+01        1.0000000000E+00
        9.8657500000E+00        1.0000000000E+00
        5.1872300000E+00        1.0000000000E+00
        2.0482500000E+00        1.0000000000E+00
        9.4182400000E-01        1.0000000000E+00
        4.9437300000E-01        1.0000000000E+00
        3.0452100000E-01        1.0000000000E+00
        1.6818800000E-01        1.0000000000E+00
        9.0836400000E-02        1.0000000000E+00
        2.9226300000E+01        1.0000000000E+00
        8.1908700000E+00        1.0000000000E+00
        3.2447000000E+00        1.0000000000E+00
        1.2746400000E+00        1.0000000000E+00
        5.9488500000E-01        1.0000000000E+00
        2.8937200000E-01        1.0000000000E+00
        1.4848700000E-01        1.0000000000E+00
        7.8546500000E-02        1.0000000000E+00
        9.7761000000E+00        1.0000000000E+00
        3.8180200000E+00        1.0000000000E+00
        1.7338300000E+00        1.0000000000E+00
        8.9738600000E-01        1.0000000000E+00
        4.5392700000E-01        1.0000000000E+00
        2.3838900000E-01        1.0000000000E+00
        1.3695500000E-01        1.0000000000E+00
        4.0910400000E+00        1.0000000000E+00
        1.7613900000E+00        1.0000000000E+00
        8.7499200000E-01        1.0000000000E+00
        4.9708200000E-01        1.0000000000E+00
        3.3084200000E-01        1.0000000000E+00
        2.0529400000E-01        1.0000000000E+00
        2.3561400000E+00        1.0000000000E+00
        7.2703900000E-01        1.0000000000E+00
        5.1533000000E-01        1.0000000000E+00
        3.8035100000E-01        1.0000000000E+00
        1.5046200000E+00        1.0000000000E+00
        6.7221100000E-01        1.0000000000E+00
        5.1170800000E-01        1.0000000000E+00
        6.7221100000E-01        1.0000000000E+00
# BORON
#
# Primary Functions: (10s,8p,7d,6f,4g,3h,1i)
# Augmenting Functions: (10s,8p,7d,6f,4g,3h,1i)
gaussian
 5 39 39
 1 1 1 1 1 1 1 1 1 1 1 1 1 1 1 1 1 1 1 1 1 1 1 1 1 1 1 1 1 1 1 1 1 1 1 1 1 1 1 
 0 0 0 0 0 0 0 0 0 0 1 1 1 1 1 1 1 1 2 2 2 2 2 2 2 3 3 3 3 3 3 4 4 4 4 5 5 5 6 
        1.4271500000E+02        1.0000000000E+00
        3.4757300000E+01        1.0000000000E+00
        9.0633200000E+00        1.0000000000E+00
        4.1249400000E+00        1.0000000000E+00
        2.1032800000E+00        1.0000000000E+00
        1.0433100000E+00        1.0000000000E+00
        5.9186700000E-01        1.0000000000E+00
        3.8749500000E-01        1.0000000000E+00
        1.9357900000E-01        1.0000000000E+00
        1.0011500000E-01        1.0000000000E+00
        3.6802300000E+01        1.0000000000E+00
        9.8925600000E+00        1.0000000000E+00
        3.5489200000E+00        1.0000000000E+00
        1.6771100000E+00        1.0000000000E+00
        9.2642000000E-01        1.0000000000E+00
        4.4547300000E-01        1.0000000000E+00
        2.4868100000E-01        1.0000000000E+00
        1.4019500000E-01        1.0000000000E+00
        1.0808500000E+01        1.0000000000E+00
        4.5546100000E+00        1.0000000000E+00
        2.2028700000E+00        1.0000000000E+00
        1.0566500000E+00        1.0000000000E+00
        4.9516400000E-01        1.0000000000E+00
        2.6464900000E-01        1.0000000000E+00
        1.6507300000E-01        1.0000000000E+00
        4.9089700000E+00        1.0000000000E+00
        2.4835600000E+00        1.0000000000E+00
        1.4211700000E+00        1.0000000000E+00
        7.2430000000E-01        1.0000000000E+00
        3.9886000000E-01        1.0000000000E+00
        2.4239700000E-01        1.0000000000E+00
        3.5601700000E+00        1.0000000000E+00
        1.3641900000E+00        1.0000000000E+00
        6.6230700000E-01        1.0000000000E+00
        3.9377000000E-01        1.0000000000E+00
        1.8523700000E+00        1.0000000000E+00
        9.9433300000E-01        1.0000000000E+00
        6.2590000000E-01        1.0000000000E+00
        1.1301800000E+00        1.0000000000E+00
# CARBON
#
# Primary Functions: (10s,8p,7d,6f,4g,3h,1i)
# Augmenting Functions: (10s,8p,7d,6f,4g,3h,1i)
gaussian
 6 39 39
 1 1 1 1 1 1 1 1 1 1 1 1 1 1 1 1 1 1 1 1 1 1 1 1 1 1 1 1 1 1 1 1 1 1 1 1 1 1 1 
 0 0 0 0 0 0 0 0 0 0 1 1 1 1 1 1 1 1 2 2 2 2 2 2 2 3 3 3 3 3 3 4 4 4 4 5 5 5 6 
        2.4706400000E+02        1.0000000000E+00
        5.3400400000E+01        1.0000000000E+00
        1.3932000000E+01        1.0000000000E+00
        6.1517900000E+00        1.0000000000E+00
        2.8382700000E+00        1.0000000000E+00
        1.6979800000E+00        1.0000000000E+00
        9.4476300000E-01        1.0000000000E+00
        5.5580600000E-01        1.0000000000E+00
        2.5743300000E-01        1.0000000000E+00
        1.1849800000E-01        1.0000000000E+00
        5.1517500000E+01        1.0000000000E+00
        1.4097200000E+01        1.0000000000E+00
        5.0531900000E+00        1.0000000000E+00
        2.5407900000E+00        1.0000000000E+00
        1.4205900000E+00        1.0000000000E+00
        7.0514500000E-01        1.0000000000E+00
        3.5361200000E-01        1.0000000000E+00
        2.2379300000E-01        1.0000000000E+00
        1.2844800000E+01        1.0000000000E+00
        4.9999100000E+00        1.0000000000E+00
        3.0001500000E+00        1.0000000000E+00
        1.6399800000E+00        1.0000000000E+00
        7.5996400000E-01        1.0000000000E+00
        4.1301300000E-01        1.0000000000E+00
        2.1174900000E-01        1.0000000000E+00
        7.5597500000E+00        1.0000000000E+00
        3.1165400000E+00        1.0000000000E+00
        2.0543600000E+00        1.0000000000E+00
        1.1141800000E+00        1.0000000000E+00
        6.0318400000E-01        1.0000000000E+00
        3.3462700000E-01        1.0000000000E+00
        4.2441000000E+00        1.0000000000E+00
        2.1559900000E+00        1.0000000000E+00
        1.0231500000E+00        1.0000000000E+00
        5.9323500000E-01        1.0000000000E+00
        2.7021900000E+00        1.0000000000E+00
        1.5080800000E+00        1.0000000000E+00
        8.6012500000E-01        1.0000000000E+00
        1.7025800000E+00        1.0000000000E+00
# NITROGEN
#
# Primary Functions: (10s,8p,7d,6f,4g,3h,1i)
# Augmenting Functions: (10s,8p,7d,6f,4g,3h,1i)
gaussian
 7 39 39
 1 1 1 1 1 1 1 1 1 1 1 1 1 1 1 1 1 1 1 1 1 1 1 1 1 1 1 1 1 1 1 1 1 1 1 1 1 1 1 
 0 0 0 0 0 0 0 0 0 0 1 1 1 1 1 1 1 1 2 2 2 2 2 2 2 3 3 3 3 3 3 4 4 4 4 5 5 5 6 
        3.3081400000E+02        1.0000000000E+00
        7.2692500000E+01        1.0000000000E+00
        1.8515300000E+01        1.0000000000E+00
        8.5691000000E+00        1.0000000000E+00
        3.8096600000E+00        1.0000000000E+00
        2.2483400000E+00        1.0000000000E+00
        1.3124100000E+00        1.0000000000E+00
        7.5863700000E-01        1.0000000000E+00
        3.7887900000E-01        1.0000000000E+00
        1.7588800000E-01        1.0000000000E+00
        6.6987000000E+01        1.0000000000E+00
        1.8749800000E+01        1.0000000000E+00
        7.4806400000E+00        1.0000000000E+00
        3.7612400000E+00        1.0000000000E+00
        2.0756100000E+00        1.0000000000E+00
        9.9065200000E-01        1.0000000000E+00
        5.1942900000E-01        1.0000000000E+00
        3.1199100000E-01        1.0000000000E+00
        1.7120900000E+01        1.0000000000E+00
        5.8105200000E+00        1.0000000000E+00
        3.5506300000E+00        1.0000000000E+00
        2.2621800000E+00        1.0000000000E+00
        1.1053700000E+00        1.0000000000E+00
        5.6858000000E-01        1.0000000000E+00
        2.8193800000E-01        1.0000000000E+00
        1.0195600000E+01        1.0000000000E+00
        4.6114900000E+00        1.0000000000E+00
        2.8184600000E+00        1.0000000000E+00
        1.5443300000E+00        1.0000000000E+00
        8.9507500000E-01        1.0000000000E+00
        4.7044000000E-01        1.0000000000E+00
        5.4789200000E+00        1.0000000000E+00
        3.0534700000E+00        1.0000000000E+00
        1.4827700000E+00        1.0000000000E+00
        8.4487500000E-01        1.0000000000E+00
        3.9045700000E+00        1.0000000000E+00
        2.2940200000E+00        1.0000000000E+00
        1.3193000000E+00        1.0000000000E+00
        2.4870900000E+00        1.0000000000E+00
# OXYGEN
#
# Primary Functions: (10s,8p,7d,6f,4g,3h,1i)
# Augmenting Functions: (10s,8p,7d,6f,4g,3h,1i)
gaussian
 8 39 39
 1 1 1 1 1 1 1 1 1 1 1 1 1 1 1 1 1 1 1 1 1 1 1 1 1 1 1 1 1 1 1 1 1 1 1 1 1 1 1 
 0 0 0 0 0 0 0 0 0 0 1 1 1 1 1 1 1 1 2 2 2 2 2 2 2 3 3 3 3 3 3 4 4 4 4 5 5 5 6 
        4.8856100000E+02        1.0000000000E+00
        1.0527900000E+02        1.0000000000E+00
        2.8708200000E+01        1.0000000000E+00
        1.4825500000E+01        1.0000000000E+00
        5.8315400000E+00        1.0000000000E+00
        3.5953700000E+00        1.0000000000E+00
        1.9400300000E+00        1.0000000000E+00
        1.0585900000E+00        1.0000000000E+00
        4.7491100000E-01        1.0000000000E+00
        2.5100500000E-01        1.0000000000E+00
        9.4256600000E+01        1.0000000000E+00
        2.5465100000E+01        1.0000000000E+00
        1.1049300000E+01        1.0000000000E+00
        4.7087600000E+00        1.0000000000E+00
        2.7568800000E+00        1.0000000000E+00
        1.2742800000E+00        1.0000000000E+00
        6.9664100000E-01        1.0000000000E+00
        4.1651900000E-01        1.0000000000E+00
        2.1988200000E+01        1.0000000000E+00
        7.2744200000E+00        1.0000000000E+00
        4.5187800000E+00        1.0000000000E+00
        2.7194100000E+00        1.0000000000E+00
        1.4421300000E+00        1.0000000000E+00
        7.1902400000E-01        1.0000000000E+00
        3.0306300000E-01        1.0000000000E+00
        1.4098700000E+01        1.0000000000E+00
        6.4429100000E+00        1.0000000000E+00
        3.7210400000E+00        1.0000000000E+00
        2.0937400000E+00        1.0000000000E+00
        1.1853100000E+00        1.0000000000E+00
        6.2101300000E-01        1.0000000000E+00
        7.0140700000E+00        1.0000000000E+00
        3.8831400000E+00        1.0000000000E+00
        2.0382500000E+00        1.0000000000E+00
        1.0078100000E+00        1.0000000000E+00
        5.4275500000E+00        1.0000000000E+00
        3.2231200000E+00        1.0000000000E+00
        1.7240100000E+00        1.0000000000E+00
        3.2612300000E+00        1.0000000000E+00
# FLUORINE
#
# Primary Functions: (10s,8p,7d,6f,4g,3h,1i)
# Augmenting Functions: (10s,8p,7d,6f,4g,3h,1i)
gaussian
 9 39 39
 1 1 1 1 1 1 1 1 1 1 1 1 1 1 1 1 1 1 1 1 1 1 1 1 1 1 1 1 1 1 1 1 1 1 1 1 1 1 1 
 0 0 0 0 0 0 0 0 0 0 1 1 1 1 1 1 1 1 2 2 2 2 2 2 2 3 3 3 3 3 3 4 4 4 4 5 5 5 6 
        6.4542400000E+02        1.0000000000E+00
        1.3861800000E+02        1.0000000000E+00
        3.8729500000E+01        1.0000000000E+00
        2.1723600000E+01        1.0000000000E+00
        7.4803500000E+00        1.0000000000E+00
        4.2844000000E+00        1.0000000000E+00
        2.6019900000E+00        1.0000000000E+00
        1.3407800000E+00        1.0000000000E+00
        6.0387500000E-01        1.0000000000E+00
        2.9991500000E-01        1.0000000000E+00
        1.1806600000E+02        1.0000000000E+00
        3.2033700000E+01        1.0000000000E+00
        1.3592500000E+01        1.0000000000E+00
        6.2899100000E+00        1.0000000000E+00
        3.4907900000E+00        1.0000000000E+00
        1.6393200000E+00        1.0000000000E+00
        8.8001700000E-01        1.0000000000E+00
        5.3300300000E-01        1.0000000000E+00
        2.7767600000E+01        1.0000000000E+00
        8.8807600000E+00        1.0000000000E+00
        5.4950200000E+00        1.0000000000E+00
        2.9711200000E+00        1.0000000000E+00
        1.8197200000E+00        1.0000000000E+00
        8.9052800000E-01        1.0000000000E+00
        3.6758000000E-01        1.0000000000E+00
        1.8500300000E+01        1.0000000000E+00
        8.6086100000E+00        1.0000000000E+00
        4.9438800000E+00        1.0000000000E+00
        2.8144900000E+00        1.0000000000E+00
        1.5815200000E+00        1.0000000000E+00
        8.0946500000E-01        1.0000000000E+00
        9.1637000000E+00        1.0000000000E+00
        4.9366900000E+00        1.0000000000E+00
        2.7148700000E+00        1.0000000000E+00
        1.3191900000E+00        1.0000000000E+00
        7.1046500000E+00        1.0000000000E+00
        4.1728700000E+00        1.0000000000E+00
        2.2001000000E+00        1.0000000000E+00
        4.2237200000E+00        1.0000000000E+00
# NEON
#
# Primary Functions: (10s,8p,7d,6f,4g,3h,1i)
# Augmenting Functions: (10s,8p,7d,6f,4g,3h,1i)
gaussian
 10 39 39
 1 1 1 1 1 1 1 1 1 1 1 1 1 1 1 1 1 1 1 1 1 1 1 1 1 1 1 1 1 1 1 1 1 1 1 1 1 1 1 
 0 0 0 0 0 0 0 0 0 0 1 1 1 1 1 1 1 1 2 2 2 2 2 2 2 3 3 3 3 3 3 4 4 4 4 5 5 5 6 
        8.1272000000E+02        1.0000000000E+00
        1.7470000000E+02        1.0000000000E+00
        4.4592600000E+01        1.0000000000E+00
        2.6694500000E+01        1.0000000000E+00
        9.3861800000E+00        1.0000000000E+00
        5.4190700000E+00        1.0000000000E+00
        3.4055800000E+00        1.0000000000E+00
        1.5567000000E+00        1.0000000000E+00
        7.7145400000E-01        1.0000000000E+00
        3.7007800000E-01        1.0000000000E+00
        1.4832300000E+02        1.0000000000E+00
        4.0018100000E+01        1.0000000000E+00
        1.8457600000E+01        1.0000000000E+00
        8.0503200000E+00        1.0000000000E+00
        4.3810800000E+00        1.0000000000E+00
        2.0758900000E+00        1.0000000000E+00
        1.1022300000E+00        1.0000000000E+00
        6.6896000000E-01        1.0000000000E+00
        3.4484200000E+01        1.0000000000E+00
        1.0919700000E+01        1.0000000000E+00
        6.8800300000E+00        1.0000000000E+00
        3.5330600000E+00        1.0000000000E+00
        2.1977100000E+00        1.0000000000E+00
        1.1035200000E+00        1.0000000000E+00
        4.4922000000E-01        1.0000000000E+00
        2.4052600000E+01        1.0000000000E+00
        1.1324600000E+01        1.0000000000E+00
        6.3566700000E+00        1.0000000000E+00
        3.7291600000E+00        1.0000000000E+00
        2.0283100000E+00        1.0000000000E+00
        1.0248800000E+00        1.0000000000E+00
        1.1760300000E+01        1.0000000000E+00
        6.1875200000E+00        1.0000000000E+00
        3.4834900000E+00        1.0000000000E+00
        1.7192800000E+00        1.0000000000E+00
        8.9986300000E+00        1.0000000000E+00
        5.2308400000E+00        1.0000000000E+00
        2.7349700000E+00        1.0000000000E+00
        5.3352800000E+00        1.0000000000E+00
# SODIUM
#
# Primary Functions: (12s,11p,9d,7f,5g,3h,1i)
# Augmenting Functions: (12s,11p,9d,7f,5g,3h,1i)
gaussian
 11 48 48
 1 1 1 1 1 1 1 1 1 1 1 1 1 1 1 1 1 1 1 1 1 1 1 1 1 1 1 1 1 1 1 1 1 1 1 1 1 1 1 1 1 1 1 1 1 1 1 1 
 0 0 0 0 0 0 0 0 0 0 0 0 1 1 1 1 1 1 1 1 1 1 1 2 2 2 2 2 2 2 2 2 3 3 3 3 3 3 3 4 4 4 4 4 5 5 5 6 
        4.1961600000E+02        1.0000000000E+00
        7.6184400000E+01        1.0000000000E+00
        3.6109400000E+01        1.0000000000E+00
        1.0679900000E+01        1.0000000000E+00
        5.6206300000E+00        1.0000000000E+00
        1.9255600000E+00        1.0000000000E+00
        8.5264600000E-01        1.0000000000E+00
        3.8755200000E-01        1.0000000000E+00
        2.2126400000E-01        1.0000000000E+00
        1.3965700000E-01        1.0000000000E+00
        8.4509100000E-02        1.0000000000E+00
        4.9375700000E-02        1.0000000000E+00
        9.0027500000E+01        1.0000000000E+00
        2.2833000000E+01        1.0000000000E+00
        8.4955200000E+00        1.0000000000E+00
        3.9969600000E+00        1.0000000000E+00
        1.8546400000E+00        1.0000000000E+00
        8.3357200000E-01        1.0000000000E+00
        4.0415500000E-01        1.0000000000E+00
        2.2076300000E-01        1.0000000000E+00
        1.4009500000E-01        1.0000000000E+00
        9.4966500000E-02        1.0000000000E+00
        5.5504600000E-02        1.0000000000E+00
        2.4684200000E+01        1.0000000000E+00
        7.3086500000E+00        1.0000000000E+00
        2.1614000000E+00        1.0000000000E+00
        1.0159800000E+00        1.0000000000E+00
        4.6034200000E-01        1.0000000000E+00
        2.6418200000E-01        1.0000000000E+00
        1.6326200000E-01        1.0000000000E+00
        1.1228100000E-01        1.0000000000E+00
        7.1735900000E-02        1.0000000000E+00
        5.4986000000E+00        1.0000000000E+00
        1.8972900000E+00        1.0000000000E+00
        9.0600200000E-01        1.0000000000E+00
        4.4890800000E-01        1.0000000000E+00
        2.7933100000E-01        1.0000000000E+00
        1.6980700000E-01        1.0000000000E+00
        1.0011000000E-01        1.0000000000E+00
        1.9727600000E+00        1.0000000000E+00
        8.3127400000E-01        1.0000000000E+00
        4.4430600000E-01        1.0000000000E+00
        2.4340100000E-01        1.0000000000E+00
        1.2135300000E-01        1.0000000000E+00
        1.1966100000E+00        1.0000000000E+00
        5.1554200000E-01        1.0000000000E+00
        1.9559700000E-01        1.0000000000E+00
        5.3369400000E-01        1.0000000000E+00
# MAGNESIUM
#
# Primary Functions: (12s,11p,9d,7f,5g,3h,1i)
# Augmenting Functions: (12s,11p,9d,7f,5g,3h,1i)
gaussian
 12 48 48
 1 1 1 1 1 1 1 1 1 1 1 1 1 1 1 1 1 1 1 1 1 1 1 1 1 1 1 1 1 1 1 1 1 1 1 1 1 1 1 1 1 1 1 1 1 1 1 1 
 0 0 0 0 0 0 0 0 0 0 0 0 1 1 1 1 1 1 1 1 1 1 1 2 2 2 2 2 2 2 2 2 3 3 3 3 3 3 3 4 4 4 4 4 5 5 5 6 
        5.4041600000E+02        1.0000000000E+00
        1.0212700000E+02        1.0000000000E+00
        4.3111400000E+01        1.0000000000E+00
        1.3476700000E+01        1.0000000000E+00
        7.3755600000E+00        1.0000000000E+00
        2.6068000000E+00        1.0000000000E+00
        1.2989700000E+00        1.0000000000E+00
        5.8407500000E-01        1.0000000000E+00
        3.3010800000E-01        1.0000000000E+00
        1.8050500000E-01        1.0000000000E+00
        1.1914800000E-01        1.0000000000E+00
        6.9144700000E-02        1.0000000000E+00
        1.2347900000E+02        1.0000000000E+00
        3.3483200000E+01        1.0000000000E+00
        1.2336600000E+01        1.0000000000E+00
        5.6133800000E+00        1.0000000000E+00
        2.4239500000E+00        1.0000000000E+00
        1.1578900000E+00        1.0000000000E+00
        5.3181500000E-01        1.0000000000E+00
        2.9340800000E-01        1.0000000000E+00
        1.9413500000E-01        1.0000000000E+00
        1.3015600000E-01        1.0000000000E+00
        8.4592500000E-02        1.0000000000E+00
        2.8354200000E+01        1.0000000000E+00
        8.2488000000E+00        1.0000000000E+00
        2.9561500000E+00        1.0000000000E+00
        1.2873000000E+00        1.0000000000E+00
        5.8346000000E-01        1.0000000000E+00
        3.4441900000E-01        1.0000000000E+00
        2.2243000000E-01        1.0000000000E+00
        1.5192900000E-01        1.0000000000E+00
        9.1250000000E-02        1.0000000000E+00
        6.9506700000E+00        1.0000000000E+00
        2.7621400000E+00        1.0000000000E+00
        1.2507200000E+00        1.0000000000E+00
        5.7599700000E-01        1.0000000000E+00
        3.3425700000E-01        1.0000000000E+00
        2.1635500000E-01        1.0000000000E+00
        1.2609000000E-01        1.0000000000E+00
        2.5501000000E+00        1.0000000000E+00
        1.0726000000E+00        1.0000000000E+00
        5.5258100000E-01        1.0000000000E+00
        3.0805000000E-01        1.0000000000E+00
        1.4658100000E-01        1.0000000000E+00
        1.5125800000E+00        1.0000000000E+00
        4.5792000000E-01        1.0000000000E+00
        2.9253700000E-01        1.0000000000E+00
        1.0745700000E+00        1.0000000000E+00
# ALUMINUM
#
# Primary Functions: (12s,11p,9d,7f,5g,3h,1i)
# Augmenting Functions: (12s,11p,9d,7f,5g,3h,1i)
gaussian
 13 48 48
 1 1 1 1 1 1 1 1 1 1 1 1 1 1 1 1 1 1 1 1 1 1 1 1 1 1 1 1 1 1 1 1 1 1 1 1 1 1 1 1 1 1 1 1 1 1 1 1 
 0 0 0 0 0 0 0 0 0 0 0 0 1 1 1 1 1 1 1 1 1 1 1 2 2 2 2 2 2 2 2 2 3 3 3 3 3 3 3 4 4 4 4 4 5 5 5 6 
        6.2265800000E+02        1.0000000000E+00
        1.2672300000E+02        1.0000000000E+00
        5.0988000000E+01        1.0000000000E+00
        1.6901500000E+01        1.0000000000E+00
        8.5962800000E+00        1.0000000000E+00
        2.9993200000E+00        1.0000000000E+00
        1.7032900000E+00        1.0000000000E+00
        7.9367300000E-01        1.0000000000E+00
        4.3182500000E-01        1.0000000000E+00
        2.6376700000E-01        1.0000000000E+00
        1.6789200000E-01        1.0000000000E+00
        9.6047900000E-02        1.0000000000E+00
        1.8165500000E+02        1.0000000000E+00
        5.3046300000E+01        1.0000000000E+00
        2.0473500000E+01        1.0000000000E+00
        8.1982400000E+00        1.0000000000E+00
        3.9959400000E+00        1.0000000000E+00
        1.7999100000E+00        1.0000000000E+00
        8.6071600000E-01        1.0000000000E+00
        5.4093100000E-01        1.0000000000E+00
        3.2094500000E-01        1.0000000000E+00
        2.0557600000E-01        1.0000000000E+00
        9.7040500000E-02        1.0000000000E+00
        4.3013400000E+01        1.0000000000E+00
        1.3065100000E+01        1.0000000000E+00
        4.5289500000E+00        1.0000000000E+00
        2.0055400000E+00        1.0000000000E+00
        8.5003400000E-01        1.0000000000E+00
        4.8488800000E-01        1.0000000000E+00
        3.1941000000E-01        1.0000000000E+00
        2.0989200000E-01        1.0000000000E+00
        1.2051300000E-01        1.0000000000E+00
        9.0822300000E+00        1.0000000000E+00
        4.2961700000E+00        1.0000000000E+00
        1.5080900000E+00        1.0000000000E+00
        7.4797000000E-01        1.0000000000E+00
        4.3909100000E-01        1.0000000000E+00
        2.7821800000E-01        1.0000000000E+00
        1.7002100000E-01        1.0000000000E+00
        3.2409400000E+00        1.0000000000E+00
        1.4407400000E+00        1.0000000000E+00
        6.3076000000E-01        1.0000000000E+00
        3.6894100000E-01        1.0000000000E+00
        1.7960100000E-01        1.0000000000E+00
        1.8503400000E+00        1.0000000000E+00
        6.1349100000E-01        1.0000000000E+00
        3.6042500000E-01        1.0000000000E+00
        5.9945500000E-01        1.0000000000E+00
# SILICON
#
# Primary Functions: (12s,11p,9d,7f,5g,3h,1i)
# Augmenting Functions: (12s,11p,9d,7f,5g,3h,1i)
gaussian
 14 48 48
 1 1 1 1 1 1 1 1 1 1 1 1 1 1 1 1 1 1 1 1 1 1 1 1 1 1 1 1 1 1 1 1 1 1 1 1 1 1 1 1 1 1 1 1 1 1 1 1 
 0 0 0 0 0 0 0 0 0 0 0 0 1 1 1 1 1 1 1 1 1 1 1 2 2 2 2 2 2 2 2 2 3 3 3 3 3 3 3 4 4 4 4 4 5 5 5 6 
        7.3147500000E+02        1.0000000000E+00
        1.5182300000E+02        1.0000000000E+00
        6.7672100000E+01        1.0000000000E+00
        2.0413600000E+01        1.0000000000E+00
        9.7764100000E+00        1.0000000000E+00
        3.9150000000E+00        1.0000000000E+00
        2.1326200000E+00        1.0000000000E+00
        1.0763000000E+00        1.0000000000E+00
        5.9228500000E-01        1.0000000000E+00
        3.8263700000E-01        1.0000000000E+00
        1.9709800000E-01        1.0000000000E+00
        1.1001400000E-01        1.0000000000E+00
        2.0393400000E+02        1.0000000000E+00
        6.0723800000E+01        1.0000000000E+00
        2.2800100000E+01        1.0000000000E+00
        1.0099100000E+01        1.0000000000E+00
        4.8259700000E+00        1.0000000000E+00
        2.3901500000E+00        1.0000000000E+00
        1.0785800000E+00        1.0000000000E+00
        6.7415100000E-01        1.0000000000E+00
        4.5845700000E-01        1.0000000000E+00
        2.7277900000E-01        1.0000000000E+00
        1.3088100000E-01        1.0000000000E+00
        5.6710400000E+01        1.0000000000E+00
        1.7886300000E+01        1.0000000000E+00
        6.1512800000E+00        1.0000000000E+00
        2.9973700000E+00        1.0000000000E+00
        1.2967600000E+00        1.0000000000E+00
        7.4898300000E-01        1.0000000000E+00
        4.0646400000E-01        1.0000000000E+00
        2.5019900000E-01        1.0000000000E+00
        1.4615000000E-01        1.0000000000E+00
        1.2943700000E+01        1.0000000000E+00
        6.0638900000E+00        1.0000000000E+00
        2.6183700000E+00        1.0000000000E+00
        1.0981200000E+00        1.0000000000E+00
        6.4223300000E-01        1.0000000000E+00
        4.2073500000E-01        1.0000000000E+00
        2.1628900000E-01        1.0000000000E+00
        3.9758800000E+00        1.0000000000E+00
        1.7808100000E+00        1.0000000000E+00
        8.2700300000E-01        1.0000000000E+00
        5.0922600000E-01        1.0000000000E+00
        2.5617300000E-01        1.0000000000E+00
        2.3618000000E+00        1.0000000000E+00
        8.4532100000E-01        1.0000000000E+00
        4.8442500000E-01        1.0000000000E+00
        7.9431600000E-01        1.0000000000E+00
# PHOSPHOROUS
#
# Primary Functions: (12s,11p,9d,7f,5g,3h,1i)
# Augmenting Functions: (12s,11p,9d,7f,5g,3h,1i)
gaussian
 15 48 48
 1 1 1 1 1 1 1 1 1 1 1 1 1 1 1 1 1 1 1 1 1 1 1 1 1 1 1 1 1 1 1 1 1 1 1 1 1 1 1 1 1 1 1 1 1 1 1 1 
 0 0 0 0 0 0 0 0 0 0 0 0 1 1 1 1 1 1 1 1 1 1 1 2 2 2 2 2 2 2 2 2 3 3 3 3 3 3 3 4 4 4 4 4 5 5 5 6 
        9.0173800000E+02        1.0000000000E+00
        1.9709600000E+02        1.0000000000E+00
        8.1752300000E+01        1.0000000000E+00
        2.6055500000E+01        1.0000000000E+00
        1.0962400000E+01        1.0000000000E+00
        4.7376500000E+00        1.0000000000E+00
        2.7614200000E+00        1.0000000000E+00
        1.2286600000E+00        1.0000000000E+00
        6.9537900000E-01        1.0000000000E+00
        4.5063200000E-01        1.0000000000E+00
        2.3080400000E-01        1.0000000000E+00
        1.3326500000E-01        1.0000000000E+00
        2.4783900000E+02        1.0000000000E+00
        7.4952700000E+01        1.0000000000E+00
        2.6436800000E+01        1.0000000000E+00
        1.2270500000E+01        1.0000000000E+00
        5.6868100000E+00        1.0000000000E+00
        2.7840100000E+00        1.0000000000E+00
        1.3535400000E+00        1.0000000000E+00
        8.3786400000E-01        1.0000000000E+00
        5.3382000000E-01        1.0000000000E+00
        3.4462900000E-01        1.0000000000E+00
        1.5435200000E-01        1.0000000000E+00
        7.4265300000E+01        1.0000000000E+00
        2.3933000000E+01        1.0000000000E+00
        8.1602000000E+00        1.0000000000E+00
        4.1032300000E+00        1.0000000000E+00
        1.5631600000E+00        1.0000000000E+00
        9.9635200000E-01        1.0000000000E+00
        5.6955300000E-01        1.0000000000E+00
        3.0861900000E-01        1.0000000000E+00
        1.6655800000E-01        1.0000000000E+00
        1.5731200000E+01        1.0000000000E+00
        7.5114900000E+00        1.0000000000E+00
        3.5780700000E+00        1.0000000000E+00
        1.3377500000E+00        1.0000000000E+00
        1.0047800000E+00        1.0000000000E+00
        5.5585600000E-01        1.0000000000E+00
        2.9563200000E-01        1.0000000000E+00
        4.7975500000E+00        1.0000000000E+00
        2.0630300000E+00        1.0000000000E+00
        1.1055400000E+00        1.0000000000E+00
        6.6654100000E-01        1.0000000000E+00
        3.4087700000E-01        1.0000000000E+00
        2.9627100000E+00        1.0000000000E+00
        1.1172500000E+00        1.0000000000E+00
        6.3488700000E-01        1.0000000000E+00
        1.0264700000E+00        1.0000000000E+00
# SULFUR
#
# Primary Functions: (12s,11p,9d,7f,5g,3h,1i)
# Augmenting Functions: (12s,11p,9d,7f,5g,3h,1i)
gaussian
 16 48 48
 1 1 1 1 1 1 1 1 1 1 1 1 1 1 1 1 1 1 1 1 1 1 1 1 1 1 1 1 1 1 1 1 1 1 1 1 1 1 1 1 1 1 1 1 1 1 1 1 
 0 0 0 0 0 0 0 0 0 0 0 0 1 1 1 1 1 1 1 1 1 1 1 2 2 2 2 2 2 2 2 2 3 3 3 3 3 3 3 4 4 4 4 4 5 5 5 6 
        1.0611400000E+03        1.0000000000E+00
        2.4479900000E+02        1.0000000000E+00
        9.8446100000E+01        1.0000000000E+00
        2.8010800000E+01        1.0000000000E+00
        1.2843200000E+01        1.0000000000E+00
        6.0429100000E+00        1.0000000000E+00
        3.1363100000E+00        1.0000000000E+00
        1.5450100000E+00        1.0000000000E+00
        8.9224300000E-01        1.0000000000E+00
        5.7186000000E-01        1.0000000000E+00
        2.7988800000E-01        1.0000000000E+00
        1.5764900000E-01        1.0000000000E+00
        3.0573300000E+02        1.0000000000E+00
        9.1908000000E+01        1.0000000000E+00
        3.2378100000E+01        1.0000000000E+00
        1.5525000000E+01        1.0000000000E+00
        6.8627900000E+00        1.0000000000E+00
        3.3627400000E+00        1.0000000000E+00
        1.5593200000E+00        1.0000000000E+00
        9.4296400000E-01        1.0000000000E+00
        6.5160600000E-01        1.0000000000E+00
        4.1655500000E-01        1.0000000000E+00
        2.0998900000E-01        1.0000000000E+00
        9.5737500000E+01        1.0000000000E+00
        3.1280400000E+01        1.0000000000E+00
        1.0412400000E+01        1.0000000000E+00
        5.0609700000E+00        1.0000000000E+00
        1.9087100000E+00        1.0000000000E+00
        1.2521800000E+00        1.0000000000E+00
        6.8268100000E-01        1.0000000000E+00
        3.6255900000E-01        1.0000000000E+00
        1.9727200000E-01        1.0000000000E+00
        1.8275800000E+01        1.0000000000E+00
        8.7425900000E+00        1.0000000000E+00
        4.1596800000E+00        1.0000000000E+00
        1.7534400000E+00        1.0000000000E+00
        1.2566900000E+00        1.0000000000E+00
        6.5224800000E-01        1.0000000000E+00
        3.5204900000E-01        1.0000000000E+00
        5.6294100000E+00        1.0000000000E+00
        2.4155900000E+00        1.0000000000E+00
        1.3293000000E+00        1.0000000000E+00
        8.0012300000E-01        1.0000000000E+00
        3.9793100000E-01        1.0000000000E+00
        3.4040600000E+00        1.0000000000E+00
        1.3771300000E+00        1.0000000000E+00
        7.1860300000E-01        1.0000000000E+00
        1.2176100000E+00        1.0000000000E+00
# CHLORINE
#
# Primary Functions: (12s,11p,9d,7f,5g,3h,1i)
# Augmenting Functions: (12s,11p,9d,7f,5g,3h,1i)
gaussian
 17 48 48
 1 1 1 1 1 1 1 1 1 1 1 1 1 1 1 1 1 1 1 1 1 1 1 1 1 1 1 1 1 1 1 1 1 1 1 1 1 1 1 1 1 1 1 1 1 1 1 1 
 0 0 0 0 0 0 0 0 0 0 0 0 1 1 1 1 1 1 1 1 1 1 1 2 2 2 2 2 2 2 2 2 3 3 3 3 3 3 3 4 4 4 4 4 5 5 5 6 
        1.2751900000E+03        1.0000000000E+00
        3.0827100000E+02        1.0000000000E+00
        1.0771100000E+02        1.0000000000E+00
        3.4462700000E+01        1.0000000000E+00
        1.4452900000E+01        1.0000000000E+00
        7.5443000000E+00        1.0000000000E+00
        3.6854400000E+00        1.0000000000E+00
        1.7896600000E+00        1.0000000000E+00
        1.0729100000E+00        1.0000000000E+00
        7.3663500000E-01        1.0000000000E+00
        3.3260400000E-01        1.0000000000E+00
        1.8377300000E-01        1.0000000000E+00
        4.0524300000E+02        1.0000000000E+00
        1.1771400000E+02        1.0000000000E+00
        3.7138800000E+01        1.0000000000E+00
        1.9320600000E+01        1.0000000000E+00
        8.5037600000E+00        1.0000000000E+00
        4.2624600000E+00        1.0000000000E+00
        1.9290400000E+00        1.0000000000E+00
        1.2469200000E+00        1.0000000000E+00
        7.3990000000E-01        1.0000000000E+00
        4.9542200000E-01        1.0000000000E+00
        2.6413200000E-01        1.0000000000E+00
        1.1809100000E+02        1.0000000000E+00
        3.9157400000E+01        1.0000000000E+00
        1.3190700000E+01        1.0000000000E+00
        6.2187100000E+00        1.0000000000E+00
        2.5070500000E+00        1.0000000000E+00
        1.5222400000E+00        1.0000000000E+00
        8.7261700000E-01        1.0000000000E+00
        4.3127400000E-01        1.0000000000E+00
        2.3101400000E-01        1.0000000000E+00
        2.1558400000E+01        1.0000000000E+00
        1.0107900000E+01        1.0000000000E+00
        4.9216900000E+00        1.0000000000E+00
        2.1949600000E+00        1.0000000000E+00
        1.5416200000E+00        1.0000000000E+00
        8.0694300000E-01        1.0000000000E+00
        4.3638700000E-01        1.0000000000E+00
        6.7710400000E+00        1.0000000000E+00
        2.9668000000E+00        1.0000000000E+00
        1.6359900000E+00        1.0000000000E+00
        9.9051800000E-01        1.0000000000E+00
        4.9866900000E-01        1.0000000000E+00
        4.0594700000E+00        1.0000000000E+00
        1.6997000000E+00        1.0000000000E+00
        8.6825800000E-01        1.0000000000E+00
        1.4813300000E+00        1.0000000000E+00
# ARGON
#
# Primary Functions: (12s,11p,9d,7f,5g,3h,1i)
# Augmenting Functions: (12s,11p,9d,7f,5g,3h,1i)
gaussian
 18 48 48
 1 1 1 1 1 1 1 1 1 1 1 1 1 1 1 1 1 1 1 1 1 1 1 1 1 1 1 1 1 1 1 1 1 1 1 1 1 1 1 1 1 1 1 1 1 1 1 1 
 0 0 0 0 0 0 0 0 0 0 0 0 1 1 1 1 1 1 1 1 1 1 1 2 2 2 2 2 2 2 2 2 3 3 3 3 3 3 3 4 4 4 4 4 5 5 5 6 
        1.6324000000E+03        1.0000000000E+00
        3.6709200000E+02        1.0000000000E+00
        1.4124500000E+02        1.0000000000E+00
        4.0798600000E+01        1.0000000000E+00
        1.5830600000E+01        1.0000000000E+00
        9.5713500000E+00        1.0000000000E+00
        4.0179500000E+00        1.0000000000E+00
        2.2424800000E+00        1.0000000000E+00
        1.4470900000E+00        1.0000000000E+00
        8.3515700000E-01        1.0000000000E+00
        4.2673700000E-01        1.0000000000E+00
        2.0872000000E-01        1.0000000000E+00
        4.8533500000E+02        1.0000000000E+00
        1.3759700000E+02        1.0000000000E+00
        4.5817000000E+01        1.0000000000E+00
        2.1954400000E+01        1.0000000000E+00
        1.0413800000E+01        1.0000000000E+00
        5.1362500000E+00        1.0000000000E+00
        2.4814900000E+00        1.0000000000E+00
        1.5766000000E+00        1.0000000000E+00
        9.0453800000E-01        1.0000000000E+00
        6.0223400000E-01        1.0000000000E+00
        3.0991300000E-01        1.0000000000E+00
        1.3783000000E+02        1.0000000000E+00
        4.6193700000E+01        1.0000000000E+00
        1.5954400000E+01        1.0000000000E+00
        7.4359200000E+00        1.0000000000E+00
        3.1211500000E+00        1.0000000000E+00
        1.8859000000E+00        1.0000000000E+00
        1.0709100000E+00        1.0000000000E+00
        5.3907600000E-01        1.0000000000E+00
        2.6377900000E-01        1.0000000000E+00
        2.4986400000E+01        1.0000000000E+00
        1.1135500000E+01        1.0000000000E+00
        5.4100500000E+00        1.0000000000E+00
        3.1683400000E+00        1.0000000000E+00
        1.8555100000E+00        1.0000000000E+00
        9.7578500000E-01        1.0000000000E+00
        5.3026200000E-01        1.0000000000E+00
        8.1306700000E+00        1.0000000000E+00
        3.4922800000E+00        1.0000000000E+00
        2.0076100000E+00        1.0000000000E+00
        1.2191400000E+00        1.0000000000E+00
        6.2803900000E-01        1.0000000000E+00
        4.8064300000E+00        1.0000000000E+00
        2.0601700000E+00        1.0000000000E+00
        1.0427100000E+00        1.0000000000E+00
        1.7849100000E+00        1.0000000000E+00
endbasis
