#  cc-pV6Z-RI  EMSL  Basis Set Exchange Library  3/20/15 8:56 PM
# Elements                             References
# --------                             ----------
# : Christof Hattig, to be published .
# 




# This basis set uses spherical components
# HYDROGEN
#
# Primary Functions: (7s,6p,5d,4f,3g,2h,1i)
# Augmenting Functions: (7s,6p,5d,4f,3g,2h,1i)
gaussian
 1 28 28
 1 1 1 1 1 1 1 1 1 1 1 1 1 1 1 1 1 1 1 1 1 1 1 1 1 1 1 1 
 0 0 0 0 0 0 0 1 1 1 1 1 1 2 2 2 2 2 3 3 3 3 4 4 4 5 5 6 
        1.9551000000E+01        1.0000000000E+00
        4.7233000000E+00        1.0000000000E+00
        2.2491400000E+00        1.0000000000E+00
        1.0473600000E+00        1.0000000000E+00
        5.3088800000E-01        1.0000000000E+00
        2.2855800000E-01        1.0000000000E+00
        1.2574300000E-01        1.0000000000E+00
        1.0308000000E+01        1.0000000000E+00
        4.3671800000E+00        1.0000000000E+00
        1.7723900000E+00        1.0000000000E+00
        7.5238100000E-01        1.0000000000E+00
        3.6830500000E-01        1.0000000000E+00
        1.9742300000E-01        1.0000000000E+00
        5.5541700000E+00        1.0000000000E+00
        2.3543600000E+00        1.0000000000E+00
        1.1539100000E+00        1.0000000000E+00
        6.9825200000E-01        1.0000000000E+00
        4.0845500000E-01        1.0000000000E+00
        4.9872500000E+00        1.0000000000E+00
        2.2206100000E+00        1.0000000000E+00
        1.1061900000E+00        1.0000000000E+00
        6.6286900000E-01        1.0000000000E+00
        3.8779600000E+00        1.0000000000E+00
        1.7387000000E+00        1.0000000000E+00
        1.0316000000E+00        1.0000000000E+00
        3.1950900000E+00        1.0000000000E+00
        1.6078300000E+00        1.0000000000E+00
        3.2292800000E+00        1.0000000000E+00
# HELIUM
#
# Primary Functions: (7s,6p,5d,4f,3g,2h,1i)
# Augmenting Functions: (7s,6p,5d,4f,3g,2h,1i)
gaussian
 2 28 28
 1 1 1 1 1 1 1 1 1 1 1 1 1 1 1 1 1 1 1 1 1 1 1 1 1 1 1 1 
 0 0 0 0 0 0 0 1 1 1 1 1 1 2 2 2 2 2 3 3 3 3 4 4 4 5 5 6 
        9.7850500000E+01        1.0000000000E+00
        2.1910000000E+01        1.0000000000E+00
        7.2070000000E+00        1.0000000000E+00
        3.0769900000E+00        1.0000000000E+00
        1.3694500000E+00        1.0000000000E+00
        6.6300700000E-01        1.0000000000E+00
        3.1348600000E-01        1.0000000000E+00
        2.1214700000E+01        1.0000000000E+00
        7.5009600000E+00        1.0000000000E+00
        3.8764400000E+00        1.0000000000E+00
        2.2047000000E+00        1.0000000000E+00
        1.4419100000E+00        1.0000000000E+00
        6.5362300000E-01        1.0000000000E+00
        1.6278700000E+01        1.0000000000E+00
        8.9831400000E+00        1.0000000000E+00
        5.6348400000E+00        1.0000000000E+00
        2.6104800000E+00        1.0000000000E+00
        1.1121200000E+00        1.0000000000E+00
        1.2551800000E+01        1.0000000000E+00
        7.5886100000E+00        1.0000000000E+00
        4.3637200000E+00        1.0000000000E+00
        1.7584000000E+00        1.0000000000E+00
        9.2319000000E+00        1.0000000000E+00
        6.4727600000E+00        1.0000000000E+00
        2.8266700000E+00        1.0000000000E+00
        7.1330700000E+00        1.0000000000E+00
        4.7054400000E+00        1.0000000000E+00
        5.7934700000E+00        1.0000000000E+00
# BORON
#
# Primary Functions: (12s,10p,8d,7f,6g,4h,3i,1k)
# Augmenting Functions: (12s,10p,8d,7f,6g,4h,3i,1k)
gaussian
 5 51 51
 1 1 1 1 1 1 1 1 1 1 1 1 1 1 1 1 1 1 1 1 1 1 1 1 1 1 1 1 1 1 1 1 1 1 1 1 1 1 1 1 1 1 1 1 1 1 1 1 1 1 1 
 0 0 0 0 0 0 0 0 0 0 0 0 1 1 1 1 1 1 1 1 1 1 2 2 2 2 2 2 2 2 3 3 3 3 3 3 3 4 4 4 4 4 4 5 5 5 5 6 6 6 7 
        3.9017600000E+02        1.0000000000E+00
        9.2338700000E+01        1.0000000000E+00
        3.2823300000E+01        1.0000000000E+00
        1.2670900000E+01        1.0000000000E+00
        6.4039500000E+00        1.0000000000E+00
        3.5315000000E+00        1.0000000000E+00
        1.7526600000E+00        1.0000000000E+00
        9.0504000000E-01        1.0000000000E+00
        4.8954200000E-01        1.0000000000E+00
        2.8233100000E-01        1.0000000000E+00
        1.5826600000E-01        1.0000000000E+00
        8.9953600000E-02        1.0000000000E+00
        6.2766700000E+01        1.0000000000E+00
        1.8388900000E+01        1.0000000000E+00
        6.9753900000E+00        1.0000000000E+00
        2.8152200000E+00        1.0000000000E+00
        1.6494900000E+00        1.0000000000E+00
        9.9320500000E-01        1.0000000000E+00
        6.0702700000E-01        1.0000000000E+00
        3.6254700000E-01        1.0000000000E+00
        1.8865200000E-01        1.0000000000E+00
        1.1293600000E-01        1.0000000000E+00
        1.0288200000E+01        1.0000000000E+00
        3.6993800000E+00        1.0000000000E+00
        2.3780100000E+00        1.0000000000E+00
        1.5281700000E+00        1.0000000000E+00
        8.1151500000E-01        1.0000000000E+00
        4.1418000000E-01        1.0000000000E+00
        2.1956200000E-01        1.0000000000E+00
        1.2197800000E-01        1.0000000000E+00
        6.7962000000E+00        1.0000000000E+00
        2.8286200000E+00        1.0000000000E+00
        1.9299900000E+00        1.0000000000E+00
        1.0245300000E+00        1.0000000000E+00
        5.5457900000E-01        1.0000000000E+00
        3.1481600000E-01        1.0000000000E+00
        1.8199900000E-01        1.0000000000E+00
        5.3497000000E+00        1.0000000000E+00
        2.3018100000E+00        1.0000000000E+00
        1.6341400000E+00        1.0000000000E+00
        9.7649000000E-01        1.0000000000E+00
        5.5506700000E-01        1.0000000000E+00
        2.7742000000E-01        1.0000000000E+00
        2.7673600000E+00        1.0000000000E+00
        1.5729400000E+00        1.0000000000E+00
        8.6112300000E-01        1.0000000000E+00
        5.7242300000E-01        1.0000000000E+00
        1.9154900000E+00        1.0000000000E+00
        1.1061000000E+00        1.0000000000E+00
        7.1885300000E-01        1.0000000000E+00
        1.2895500000E+00        1.0000000000E+00
# CARBON
#
# Primary Functions: (12s,10p,8d,7f,6g,4h,3i,1k)
# Augmenting Functions: (12s,10p,8d,7f,6g,4h,3i,1k)
gaussian
 6 51 51
 1 1 1 1 1 1 1 1 1 1 1 1 1 1 1 1 1 1 1 1 1 1 1 1 1 1 1 1 1 1 1 1 1 1 1 1 1 1 1 1 1 1 1 1 1 1 1 1 1 1 1 
 0 0 0 0 0 0 0 0 0 0 0 0 1 1 1 1 1 1 1 1 1 1 2 2 2 2 2 2 2 2 3 3 3 3 3 3 3 4 4 4 4 4 4 5 5 5 5 6 6 6 7 
        5.0436400000E+02        1.0000000000E+00
        1.1821700000E+02        1.0000000000E+00
        4.2985700000E+01        1.0000000000E+00
        1.6737100000E+01        1.0000000000E+00
        8.6306200000E+00        1.0000000000E+00
        4.9901900000E+00        1.0000000000E+00
        2.6985400000E+00        1.0000000000E+00
        1.4271100000E+00        1.0000000000E+00
        7.4087400000E-01        1.0000000000E+00
        4.0898800000E-01        1.0000000000E+00
        2.2604500000E-01        1.0000000000E+00
        1.2608700000E-01        1.0000000000E+00
        8.0049600000E+01        1.0000000000E+00
        2.2319200000E+01        1.0000000000E+00
        9.5413800000E+00        1.0000000000E+00
        3.6974000000E+00        1.0000000000E+00
        2.1450300000E+00        1.0000000000E+00
        1.2323600000E+00        1.0000000000E+00
        7.7806100000E-01        1.0000000000E+00
        4.9211400000E-01        1.0000000000E+00
        2.7801100000E-01        1.0000000000E+00
        1.5034000000E-01        1.0000000000E+00
        1.4552700000E+01        1.0000000000E+00
        5.0412500000E+00        1.0000000000E+00
        2.5956800000E+00        1.0000000000E+00
        1.7310100000E+00        1.0000000000E+00
        1.1313900000E+00        1.0000000000E+00
        6.2444300000E-01        1.0000000000E+00
        3.1665500000E-01        1.0000000000E+00
        1.5273000000E-01        1.0000000000E+00
        1.0244900000E+01        1.0000000000E+00
        4.7713200000E+00        1.0000000000E+00
        2.7368200000E+00        1.0000000000E+00
        1.5819300000E+00        1.0000000000E+00
        8.4288400000E-01        1.0000000000E+00
        5.6238900000E-01        1.0000000000E+00
        3.1151300000E-01        1.0000000000E+00
        7.4903600000E+00        1.0000000000E+00
        3.1041400000E+00        1.0000000000E+00
        1.8921700000E+00        1.0000000000E+00
        1.1911500000E+00        1.0000000000E+00
        7.8186800000E-01        1.0000000000E+00
        3.8582500000E-01        1.0000000000E+00
        4.0685500000E+00        1.0000000000E+00
        2.3968800000E+00        1.0000000000E+00
        1.2630800000E+00        1.0000000000E+00
        7.9471800000E-01        1.0000000000E+00
        3.0165700000E+00        1.0000000000E+00
        1.9832200000E+00        1.0000000000E+00
        1.1346200000E+00        1.0000000000E+00
        1.9802200000E+00        1.0000000000E+00
# NITROGEN
#
# Primary Functions: (12s,10p,8d,7f,6g,4h,3i,1k)
# Augmenting Functions: (12s,10p,8d,7f,6g,4h,3i,1k)
gaussian
 7 51 51
 1 1 1 1 1 1 1 1 1 1 1 1 1 1 1 1 1 1 1 1 1 1 1 1 1 1 1 1 1 1 1 1 1 1 1 1 1 1 1 1 1 1 1 1 1 1 1 1 1 1 1 
 0 0 0 0 0 0 0 0 0 0 0 0 1 1 1 1 1 1 1 1 1 1 2 2 2 2 2 2 2 2 3 3 3 3 3 3 3 4 4 4 4 4 4 5 5 5 5 6 6 6 7 
        6.5081400000E+02        1.0000000000E+00
        1.5157300000E+02        1.0000000000E+00
        5.5035400000E+01        1.0000000000E+00
        2.1429300000E+01        1.0000000000E+00
        1.1046600000E+01        1.0000000000E+00
        6.4279300000E+00        1.0000000000E+00
        3.5477300000E+00        1.0000000000E+00
        1.9622300000E+00        1.0000000000E+00
        1.0579000000E+00        1.0000000000E+00
        5.8057800000E-01        1.0000000000E+00
        3.1287600000E-01        1.0000000000E+00
        1.6999100000E-01        1.0000000000E+00
        1.0282600000E+02        1.0000000000E+00
        2.8130800000E+01        1.0000000000E+00
        1.2321800000E+01        1.0000000000E+00
        5.2413100000E+00        1.0000000000E+00
        3.0292100000E+00        1.0000000000E+00
        1.6103300000E+00        1.0000000000E+00
        9.9818500000E-01        1.0000000000E+00
        6.3461600000E-01        1.0000000000E+00
        3.6036400000E-01        1.0000000000E+00
        1.9598100000E-01        1.0000000000E+00
        2.0788600000E+01        1.0000000000E+00
        7.4750700000E+00        1.0000000000E+00
        3.6428900000E+00        1.0000000000E+00
        2.1979800000E+00        1.0000000000E+00
        1.5236200000E+00        1.0000000000E+00
        8.6999900000E-01        1.0000000000E+00
        4.4112100000E-01        1.0000000000E+00
        2.1186000000E-01        1.0000000000E+00
        1.4158800000E+01        1.0000000000E+00
        6.4019900000E+00        1.0000000000E+00
        4.1058400000E+00        1.0000000000E+00
        2.2407900000E+00        1.0000000000E+00
        1.1815900000E+00        1.0000000000E+00
        8.0150500000E-01        1.0000000000E+00
        4.3420100000E-01        1.0000000000E+00
        1.0622800000E+01        1.0000000000E+00
        4.6138500000E+00        1.0000000000E+00
        2.7927400000E+00        1.0000000000E+00
        1.8541100000E+00        1.0000000000E+00
        1.0892500000E+00        1.0000000000E+00
        5.6592600000E-01        1.0000000000E+00
        5.7513400000E+00        1.0000000000E+00
        3.3617700000E+00        1.0000000000E+00
        1.7689200000E+00        1.0000000000E+00
        1.0901400000E+00        1.0000000000E+00
        4.3344800000E+00        1.0000000000E+00
        2.6977700000E+00        1.0000000000E+00
        1.5988800000E+00        1.0000000000E+00
        2.8214300000E+00        1.0000000000E+00
# OXYGEN
#
# Primary Functions: (12s,10p,8d,7f,6g,4h,3i,1k)
# Augmenting Functions: (12s,10p,8d,7f,6g,4h,3i,1k)
gaussian
 8 51 51
 1 1 1 1 1 1 1 1 1 1 1 1 1 1 1 1 1 1 1 1 1 1 1 1 1 1 1 1 1 1 1 1 1 1 1 1 1 1 1 1 1 1 1 1 1 1 1 1 1 1 1 
 0 0 0 0 0 0 0 0 0 0 0 0 1 1 1 1 1 1 1 1 1 1 2 2 2 2 2 2 2 2 3 3 3 3 3 3 3 4 4 4 4 4 4 5 5 5 5 6 6 6 7 
        8.3421600000E+02        1.0000000000E+00
        1.9379600000E+02        1.0000000000E+00
        7.0826300000E+01        1.0000000000E+00
        2.7495700000E+01        1.0000000000E+00
        1.4091600000E+01        1.0000000000E+00
        8.2327600000E+00        1.0000000000E+00
        4.6592700000E+00        1.0000000000E+00
        2.6675000000E+00        1.0000000000E+00
        1.4342100000E+00        1.0000000000E+00
        7.3224900000E-01        1.0000000000E+00
        3.7031200000E-01        1.0000000000E+00
        2.0167300000E-01        1.0000000000E+00
        1.3131600000E+02        1.0000000000E+00
        3.5749500000E+01        1.0000000000E+00
        1.6065600000E+01        1.0000000000E+00
        6.7019300000E+00        1.0000000000E+00
        3.8298700000E+00        1.0000000000E+00
        2.0523400000E+00        1.0000000000E+00
        1.2823200000E+00        1.0000000000E+00
        8.1027100000E-01        1.0000000000E+00
        4.5771300000E-01        1.0000000000E+00
        2.5097000000E-01        1.0000000000E+00
        2.6146200000E+01        1.0000000000E+00
        8.6018700000E+00        1.0000000000E+00
        5.1359800000E+00        1.0000000000E+00
        2.7012200000E+00        1.0000000000E+00
        1.7902300000E+00        1.0000000000E+00
        1.0387500000E+00        1.0000000000E+00
        5.6370500000E-01        1.0000000000E+00
        2.3790800000E-01        1.0000000000E+00
        1.8172200000E+01        1.0000000000E+00
        8.7405300000E+00        1.0000000000E+00
        5.1387500000E+00        1.0000000000E+00
        2.8293400000E+00        1.0000000000E+00
        1.6814800000E+00        1.0000000000E+00
        1.0413700000E+00        1.0000000000E+00
        5.3220800000E-01        1.0000000000E+00
        1.4184100000E+01        1.0000000000E+00
        6.4628100000E+00        1.0000000000E+00
        3.8757200000E+00        1.0000000000E+00
        2.4697500000E+00        1.0000000000E+00
        1.4391900000E+00        1.0000000000E+00
        7.4033600000E-01        1.0000000000E+00
        7.6821600000E+00        1.0000000000E+00
        4.2650000000E+00        1.0000000000E+00
        2.4860000000E+00        1.0000000000E+00
        1.3846000000E+00        1.0000000000E+00
        5.5665900000E+00        1.0000000000E+00
        3.2244600000E+00        1.0000000000E+00
        1.8841200000E+00        1.0000000000E+00
        3.7311400000E+00        1.0000000000E+00
# FLUORINE
#
# Primary Functions: (12s,10p,8d,7f,6g,4h,3i,1k)
# Augmenting Functions: (12s,10p,8d,7f,6g,4h,3i,1k)
gaussian
 9 51 51
 1 1 1 1 1 1 1 1 1 1 1 1 1 1 1 1 1 1 1 1 1 1 1 1 1 1 1 1 1 1 1 1 1 1 1 1 1 1 1 1 1 1 1 1 1 1 1 1 1 1 1 
 0 0 0 0 0 0 0 0 0 0 0 0 1 1 1 1 1 1 1 1 1 1 2 2 2 2 2 2 2 2 3 3 3 3 3 3 3 4 4 4 4 4 4 5 5 5 5 6 6 6 7 
        1.0799600000E+03        1.0000000000E+00
        2.4924800000E+02        1.0000000000E+00
        9.0545100000E+01        1.0000000000E+00
        3.5278800000E+01        1.0000000000E+00
        1.8125300000E+01        1.0000000000E+00
        1.0660400000E+01        1.0000000000E+00
        6.0561400000E+00        1.0000000000E+00
        3.4340600000E+00        1.0000000000E+00
        1.8063400000E+00        1.0000000000E+00
        9.3252600000E-01        1.0000000000E+00
        4.8031100000E-01        1.0000000000E+00
        2.4899600000E-01        1.0000000000E+00
        1.6737300000E+02        1.0000000000E+00
        4.5187400000E+01        1.0000000000E+00
        2.0903800000E+01        1.0000000000E+00
        8.4459600000E+00        1.0000000000E+00
        5.0538600000E+00        1.0000000000E+00
        2.6457700000E+00        1.0000000000E+00
        1.6592300000E+00        1.0000000000E+00
        1.0633200000E+00        1.0000000000E+00
        5.9545400000E-01        1.0000000000E+00
        3.2569700000E-01        1.0000000000E+00
        3.3073300000E+01        1.0000000000E+00
        1.0283700000E+01        1.0000000000E+00
        7.1925900000E+00        1.0000000000E+00
        3.5108800000E+00        1.0000000000E+00
        2.2765400000E+00        1.0000000000E+00
        1.2218100000E+00        1.0000000000E+00
        7.2356200000E-01        1.0000000000E+00
        2.9882700000E-01        1.0000000000E+00
        2.3864200000E+01        1.0000000000E+00
        1.0539300000E+01        1.0000000000E+00
        7.3719100000E+00        1.0000000000E+00
        3.7014700000E+00        1.0000000000E+00
        2.3677400000E+00        1.0000000000E+00
        1.3348600000E+00        1.0000000000E+00
        6.7762400000E-01        1.0000000000E+00
        1.8393400000E+01        1.0000000000E+00
        8.7319400000E+00        1.0000000000E+00
        5.2408500000E+00        1.0000000000E+00
        3.2826500000E+00        1.0000000000E+00
        1.9174900000E+00        1.0000000000E+00
        1.0200700000E+00        1.0000000000E+00
        9.9872700000E+00        1.0000000000E+00
        5.4634800000E+00        1.0000000000E+00
        3.2802800000E+00        1.0000000000E+00
        1.7240300000E+00        1.0000000000E+00
        7.8483900000E+00        1.0000000000E+00
        4.7656000000E+00        1.0000000000E+00
        2.6636100000E+00        1.0000000000E+00
        4.8291200000E+00        1.0000000000E+00
# NEON
#
# Primary Functions: (12s,10p,8d,7f,6g,4h,3i,1k)
# Augmenting Functions: (12s,10p,8d,7f,6g,4h,3i,1k)
gaussian
 10 51 51
 1 1 1 1 1 1 1 1 1 1 1 1 1 1 1 1 1 1 1 1 1 1 1 1 1 1 1 1 1 1 1 1 1 1 1 1 1 1 1 1 1 1 1 1 1 1 1 1 1 1 1 
 0 0 0 0 0 0 0 0 0 0 0 0 1 1 1 1 1 1 1 1 1 1 2 2 2 2 2 2 2 2 3 3 3 3 3 3 3 4 4 4 4 4 4 5 5 5 5 6 6 6 7 
        1.3417400000E+03        1.0000000000E+00
        3.1644700000E+02        1.0000000000E+00
        1.1726800000E+02        1.0000000000E+00
        4.5416100000E+01        1.0000000000E+00
        2.3309100000E+01        1.0000000000E+00
        1.3635300000E+01        1.0000000000E+00
        7.6692800000E+00        1.0000000000E+00
        4.2571700000E+00        1.0000000000E+00
        2.2293700000E+00        1.0000000000E+00
        1.1766500000E+00        1.0000000000E+00
        6.1426300000E-01        1.0000000000E+00
        3.3501600000E-01        1.0000000000E+00
        2.1871000000E+02        1.0000000000E+00
        5.8086500000E+01        1.0000000000E+00
        2.6387500000E+01        1.0000000000E+00
        1.1132400000E+01        1.0000000000E+00
        6.0817200000E+00        1.0000000000E+00
        3.3916600000E+00        1.0000000000E+00
        2.1280200000E+00        1.0000000000E+00
        1.3411700000E+00        1.0000000000E+00
        7.4613200000E-01        1.0000000000E+00
        3.9736100000E-01        1.0000000000E+00
        4.1326300000E+01        1.0000000000E+00
        1.3982100000E+01        1.0000000000E+00
        8.0288100000E+00        1.0000000000E+00
        5.1062600000E+00        1.0000000000E+00
        2.6621500000E+00        1.0000000000E+00
        1.5661600000E+00        1.0000000000E+00
        8.0008900000E-01        1.0000000000E+00
        4.5002500000E-01        1.0000000000E+00
        3.1791600000E+01        1.0000000000E+00
        1.4970100000E+01        1.0000000000E+00
        9.2155000000E+00        1.0000000000E+00
        5.0290600000E+00        1.0000000000E+00
        3.2282900000E+00        1.0000000000E+00
        1.6873200000E+00        1.0000000000E+00
        8.4104700000E-01        1.0000000000E+00
        2.2717400000E+01        1.0000000000E+00
        1.0887300000E+01        1.0000000000E+00
        6.7470000000E+00        1.0000000000E+00
        4.0715500000E+00        1.0000000000E+00
        2.4219200000E+00        1.0000000000E+00
        1.3530400000E+00        1.0000000000E+00
        1.2524200000E+01        1.0000000000E+00
        6.9134900000E+00        1.0000000000E+00
        4.1393400000E+00        1.0000000000E+00
        2.1013300000E+00        1.0000000000E+00
        1.0023900000E+01        1.0000000000E+00
        6.0113800000E+00        1.0000000000E+00
        3.3721100000E+00        1.0000000000E+00
        6.0656500000E+00        1.0000000000E+00
# ALUMINUM
#
# Primary Functions: (13s,13p,11d,9f,7g,5h,3i,1k)
# Augmenting Functions: (13s,13p,11d,9f,7g,5h,3i,1k)
gaussian
 13 62 62
 1 1 1 1 1 1 1 1 1 1 1 1 1 1 1 1 1 1 1 1 1 1 1 1 1 1 1 1 1 1 1 1 1 1 1 1 1 1 1 1 1 1 1 1 1 1 1 1 1 1 1 1 1 1 1 1 1 1 1 1 1 1 
 0 0 0 0 0 0 0 0 0 0 0 0 0 1 1 1 1 1 1 1 1 1 1 1 1 1 2 2 2 2 2 2 2 2 2 2 2 3 3 3 3 3 3 3 3 3 4 4 4 4 4 4 4 5 5 5 5 5 6 6 6 7 
        1.2196200000E+03        1.0000000000E+00
        2.7059500000E+02        1.0000000000E+00
        5.6673300000E+01        1.0000000000E+00
        2.5065700000E+01        1.0000000000E+00
        8.6714900000E+00        1.0000000000E+00
        4.0144900000E+00        1.0000000000E+00
        2.3125100000E+00        1.0000000000E+00
        1.4121800000E+00        1.0000000000E+00
        7.6346100000E-01        1.0000000000E+00
        3.7893400000E-01        1.0000000000E+00
        2.0785800000E-01        1.0000000000E+00
        1.1982100000E-01        1.0000000000E+00
        6.4314300000E-02        1.0000000000E+00
        2.3813900000E+02        1.0000000000E+00
        6.9190100000E+01        1.0000000000E+00
        2.9714600000E+01        1.0000000000E+00
        1.1010100000E+01        1.0000000000E+00
        5.2978200000E+00        1.0000000000E+00
        2.7348800000E+00        1.0000000000E+00
        1.4940000000E+00        1.0000000000E+00
        9.8462100000E-01        1.0000000000E+00
        5.8907000000E-01        1.0000000000E+00
        3.3351600000E-01        1.0000000000E+00
        2.0367300000E-01        1.0000000000E+00
        1.2024900000E-01        1.0000000000E+00
        6.5147800000E-02        1.0000000000E+00
        5.5807400000E+01        1.0000000000E+00
        1.9614600000E+01        1.0000000000E+00
        7.1661300000E+00        1.0000000000E+00
        3.2315700000E+00        1.0000000000E+00
        1.6711900000E+00        1.0000000000E+00
        1.0587500000E+00        1.0000000000E+00
        7.5831300000E-01        1.0000000000E+00
        4.8454600000E-01        1.0000000000E+00
        2.7099400000E-01        1.0000000000E+00
        1.3896700000E-01        1.0000000000E+00
        7.7796500000E-02        1.0000000000E+00
        1.7211800000E+01        1.0000000000E+00
        7.2644700000E+00        1.0000000000E+00
        3.1147600000E+00        1.0000000000E+00
        1.6771400000E+00        1.0000000000E+00
        1.0224600000E+00        1.0000000000E+00
        5.8640700000E-01        1.0000000000E+00
        3.4022000000E-01        1.0000000000E+00
        1.9937500000E-01        1.0000000000E+00
        1.3164800000E-01        1.0000000000E+00
        5.4303400000E+00        1.0000000000E+00
        2.3273400000E+00        1.0000000000E+00
        1.3042100000E+00        1.0000000000E+00
        8.3463500000E-01        1.0000000000E+00
        5.3729100000E-01        1.0000000000E+00
        3.3036900000E-01        1.0000000000E+00
        1.8097100000E-01        1.0000000000E+00
        2.8840200000E+00        1.0000000000E+00
        1.3939100000E+00        1.0000000000E+00
        7.2166200000E-01        1.0000000000E+00
        4.5607100000E-01        1.0000000000E+00
        2.8190500000E-01        1.0000000000E+00
        1.8778500000E+00        1.0000000000E+00
        7.1084100000E-01        1.0000000000E+00
        4.4991700000E-01        1.0000000000E+00
        6.8355700000E-01        1.0000000000E+00
# SILICON
#
# Primary Functions: (13s,13p,11d,9f,7g,5h,3i,1k)
# Augmenting Functions: (13s,13p,11d,9f,7g,5h,3i,1k)
gaussian
 14 62 62
 1 1 1 1 1 1 1 1 1 1 1 1 1 1 1 1 1 1 1 1 1 1 1 1 1 1 1 1 1 1 1 1 1 1 1 1 1 1 1 1 1 1 1 1 1 1 1 1 1 1 1 1 1 1 1 1 1 1 1 1 1 1 
 0 0 0 0 0 0 0 0 0 0 0 0 0 1 1 1 1 1 1 1 1 1 1 1 1 1 2 2 2 2 2 2 2 2 2 2 2 3 3 3 3 3 3 3 3 3 4 4 4 4 4 4 4 5 5 5 5 5 6 6 6 7 
        1.4495300000E+03        1.0000000000E+00
        3.2194300000E+02        1.0000000000E+00
        6.5915700000E+01        1.0000000000E+00
        3.0117200000E+01        1.0000000000E+00
        1.0134300000E+01        1.0000000000E+00
        5.0043900000E+00        1.0000000000E+00
        2.6999600000E+00        1.0000000000E+00
        1.6248100000E+00        1.0000000000E+00
        1.0611300000E+00        1.0000000000E+00
        5.3697800000E-01        1.0000000000E+00
        2.8363700000E-01        1.0000000000E+00
        1.6497000000E-01        1.0000000000E+00
        8.2016400000E-02        1.0000000000E+00
        3.2135800000E+02        1.0000000000E+00
        9.2214800000E+01        1.0000000000E+00
        3.5558900000E+01        1.0000000000E+00
        1.4714300000E+01        1.0000000000E+00
        7.8085800000E+00        1.0000000000E+00
        3.1089600000E+00        1.0000000000E+00
        1.6972400000E+00        1.0000000000E+00
        1.1684900000E+00        1.0000000000E+00
        6.9075400000E-01        1.0000000000E+00
        4.4076300000E-01        1.0000000000E+00
        2.6893200000E-01        1.0000000000E+00
        1.5417100000E-01        1.0000000000E+00
        8.3536300000E-02        1.0000000000E+00
        8.6074700000E+01        1.0000000000E+00
        2.7267000000E+01        1.0000000000E+00
        9.7322600000E+00        1.0000000000E+00
        4.9292700000E+00        1.0000000000E+00
        2.3743200000E+00        1.0000000000E+00
        1.2005000000E+00        1.0000000000E+00
        8.2778100000E-01        1.0000000000E+00
        5.6288600000E-01        1.0000000000E+00
        3.7576800000E-01        1.0000000000E+00
        2.0449000000E-01        1.0000000000E+00
        1.0030700000E-01        1.0000000000E+00
        2.3850900000E+01        1.0000000000E+00
        1.0779800000E+01        1.0000000000E+00
        4.6064800000E+00        1.0000000000E+00
        2.1635600000E+00        1.0000000000E+00
        1.3461500000E+00        1.0000000000E+00
        8.9537800000E-01        1.0000000000E+00
        4.8725200000E-01        1.0000000000E+00
        3.2761500000E-01        1.0000000000E+00
        1.8651200000E-01        1.0000000000E+00
        7.4692600000E+00        1.0000000000E+00
        3.2929900000E+00        1.0000000000E+00
        1.8140600000E+00        1.0000000000E+00
        1.0777600000E+00        1.0000000000E+00
        6.1339300000E-01        1.0000000000E+00
        3.9846500000E-01        1.0000000000E+00
        2.3649200000E-01        1.0000000000E+00
        3.8201400000E+00        1.0000000000E+00
        1.8842900000E+00        1.0000000000E+00
        9.7061800000E-01        1.0000000000E+00
        6.3094200000E-01        1.0000000000E+00
        3.5625500000E-01        1.0000000000E+00
        2.3990600000E+00        1.0000000000E+00
        9.7566500000E-01        1.0000000000E+00
        6.0145000000E-01        1.0000000000E+00
        9.0704600000E-01        1.0000000000E+00
# PHOSPHOROUS
#
# Primary Functions: (13s,13p,11d,9f,7g,5h,3i,1k)
# Augmenting Functions: (13s,13p,11d,9f,7g,5h,3i,1k)
gaussian
 15 62 62
 1 1 1 1 1 1 1 1 1 1 1 1 1 1 1 1 1 1 1 1 1 1 1 1 1 1 1 1 1 1 1 1 1 1 1 1 1 1 1 1 1 1 1 1 1 1 1 1 1 1 1 1 1 1 1 1 1 1 1 1 1 1 
 0 0 0 0 0 0 0 0 0 0 0 0 0 1 1 1 1 1 1 1 1 1 1 1 1 1 2 2 2 2 2 2 2 2 2 2 2 3 3 3 3 3 3 3 3 3 4 4 4 4 4 4 4 5 5 5 5 5 6 6 6 7 
        1.6867400000E+03        1.0000000000E+00
        3.7338900000E+02        1.0000000000E+00
        7.6631900000E+01        1.0000000000E+00
        3.5043900000E+01        1.0000000000E+00
        1.3435600000E+01        1.0000000000E+00
        6.6675400000E+00        1.0000000000E+00
        3.2011800000E+00        1.0000000000E+00
        1.9660700000E+00        1.0000000000E+00
        1.2779700000E+00        1.0000000000E+00
        6.8526200000E-01        1.0000000000E+00
        3.8239600000E-01        1.0000000000E+00
        2.2364800000E-01        1.0000000000E+00
        1.1203300000E-01        1.0000000000E+00
        3.7163500000E+02        1.0000000000E+00
        1.0803300000E+02        1.0000000000E+00
        4.0661700000E+01        1.0000000000E+00
        1.8717600000E+01        1.0000000000E+00
        1.0122200000E+01        1.0000000000E+00
        4.2107700000E+00        1.0000000000E+00
        2.2179300000E+00        1.0000000000E+00
        1.4109500000E+00        1.0000000000E+00
        8.5570800000E-01        1.0000000000E+00
        5.5220700000E-01        1.0000000000E+00
        3.6648200000E-01        1.0000000000E+00
        2.1024600000E-01        1.0000000000E+00
        1.1032500000E-01        1.0000000000E+00
        1.0224900000E+02        1.0000000000E+00
        3.3443000000E+01        1.0000000000E+00
        1.2824400000E+01        1.0000000000E+00
        6.0903000000E+00        1.0000000000E+00
        3.0261400000E+00        1.0000000000E+00
        1.5375100000E+00        1.0000000000E+00
        1.1034400000E+00        1.0000000000E+00
        7.0292300000E-01        1.0000000000E+00
        4.8103600000E-01        1.0000000000E+00
        2.6647600000E-01        1.0000000000E+00
        1.2882200000E-01        1.0000000000E+00
        3.0019600000E+01        1.0000000000E+00
        1.4210600000E+01        1.0000000000E+00
        6.1568900000E+00        1.0000000000E+00
        2.9478600000E+00        1.0000000000E+00
        1.7550500000E+00        1.0000000000E+00
        1.1778100000E+00        1.0000000000E+00
        6.6534500000E-01        1.0000000000E+00
        4.3704300000E-01        1.0000000000E+00
        2.5614800000E-01        1.0000000000E+00
        9.8115500000E+00        1.0000000000E+00
        4.3568500000E+00        1.0000000000E+00
        2.3194200000E+00        1.0000000000E+00
        1.3555800000E+00        1.0000000000E+00
        7.7404300000E-01        1.0000000000E+00
        4.8853900000E-01        1.0000000000E+00
        3.0980400000E-01        1.0000000000E+00
        4.7581400000E+00        1.0000000000E+00
        2.3904100000E+00        1.0000000000E+00
        1.2625700000E+00        1.0000000000E+00
        7.9649400000E-01        1.0000000000E+00
        4.6130900000E-01        1.0000000000E+00
        2.9724200000E+00        1.0000000000E+00
        1.2716300000E+00        1.0000000000E+00
        7.6566700000E-01        1.0000000000E+00
        1.1739900000E+00        1.0000000000E+00
# SULFUR
#
# Primary Functions: (13s,13p,11d,9f,7g,5h,3i,1k)
# Augmenting Functions: (13s,13p,11d,9f,7g,5h,3i,1k)
gaussian
 16 62 62
 1 1 1 1 1 1 1 1 1 1 1 1 1 1 1 1 1 1 1 1 1 1 1 1 1 1 1 1 1 1 1 1 1 1 1 1 1 1 1 1 1 1 1 1 1 1 1 1 1 1 1 1 1 1 1 1 1 1 1 1 1 1 
 0 0 0 0 0 0 0 0 0 0 0 0 0 1 1 1 1 1 1 1 1 1 1 1 1 1 2 2 2 2 2 2 2 2 2 2 2 3 3 3 3 3 3 3 3 3 4 4 4 4 4 4 4 5 5 5 5 5 6 6 6 7 
        1.9327500000E+03        1.0000000000E+00
        4.2821700000E+02        1.0000000000E+00
        8.8093800000E+01        1.0000000000E+00
        4.0451900000E+01        1.0000000000E+00
        1.4975400000E+01        1.0000000000E+00
        8.0466000000E+00        1.0000000000E+00
        3.9995400000E+00        1.0000000000E+00
        2.2849200000E+00        1.0000000000E+00
        1.5698200000E+00        1.0000000000E+00
        8.3740700000E-01        1.0000000000E+00
        4.6295600000E-01        1.0000000000E+00
        2.5113700000E-01        1.0000000000E+00
        1.2951200000E-01        1.0000000000E+00
        4.5557500000E+02        1.0000000000E+00
        1.3092300000E+02        1.0000000000E+00
        4.8436300000E+01        1.0000000000E+00
        2.0182300000E+01        1.0000000000E+00
        1.2073600000E+01        1.0000000000E+00
        5.4708200000E+00        1.0000000000E+00
        2.9986300000E+00        1.0000000000E+00
        1.9011600000E+00        1.0000000000E+00
        1.1999200000E+00        1.0000000000E+00
        7.9887300000E-01        1.0000000000E+00
        4.9920900000E-01        1.0000000000E+00
        2.8196700000E-01        1.0000000000E+00
        1.6001200000E-01        1.0000000000E+00
        1.2136400000E+02        1.0000000000E+00
        3.9616700000E+01        1.0000000000E+00
        1.5352900000E+01        1.0000000000E+00
        7.3335100000E+00        1.0000000000E+00
        3.4323200000E+00        1.0000000000E+00
        2.0883100000E+00        1.0000000000E+00
        1.3904200000E+00        1.0000000000E+00
        8.8846000000E-01        1.0000000000E+00
        5.5579100000E-01        1.0000000000E+00
        3.1852200000E-01        1.0000000000E+00
        1.5855900000E-01        1.0000000000E+00
        3.6049000000E+01        1.0000000000E+00
        1.7151800000E+01        1.0000000000E+00
        7.3112700000E+00        1.0000000000E+00
        3.4393700000E+00        1.0000000000E+00
        2.0869100000E+00        1.0000000000E+00
        1.2567200000E+00        1.0000000000E+00
        7.6499400000E-01        1.0000000000E+00
        5.2102800000E-01        1.0000000000E+00
        3.0134800000E-01        1.0000000000E+00
        1.1000900000E+01        1.0000000000E+00
        4.8000500000E+00        1.0000000000E+00
        2.9294400000E+00        1.0000000000E+00
        1.7024700000E+00        1.0000000000E+00
        9.7701200000E-01        1.0000000000E+00
        6.1024200000E-01        1.0000000000E+00
        3.5699900000E-01        1.0000000000E+00
        5.3144000000E+00        1.0000000000E+00
        2.8778700000E+00        1.0000000000E+00
        1.5162500000E+00        1.0000000000E+00
        9.6687800000E-01        1.0000000000E+00
        5.4601100000E-01        1.0000000000E+00
        3.4125800000E+00        1.0000000000E+00
        1.5736900000E+00        1.0000000000E+00
        8.8311000000E-01        1.0000000000E+00
        1.3912400000E+00        1.0000000000E+00
# CHLORINE
#
# Primary Functions: (13s,13p,11d,9f,7g,5h,3i,1k)
# Augmenting Functions: (13s,13p,11d,9f,7g,5h,3i,1k)
gaussian
 17 62 62
 1 1 1 1 1 1 1 1 1 1 1 1 1 1 1 1 1 1 1 1 1 1 1 1 1 1 1 1 1 1 1 1 1 1 1 1 1 1 1 1 1 1 1 1 1 1 1 1 1 1 1 1 1 1 1 1 1 1 1 1 1 1 
 0 0 0 0 0 0 0 0 0 0 0 0 0 1 1 1 1 1 1 1 1 1 1 1 1 1 2 2 2 2 2 2 2 2 2 2 2 3 3 3 3 3 3 3 3 3 4 4 4 4 4 4 4 5 5 5 5 5 6 6 6 7 
        2.2134300000E+03        1.0000000000E+00
        4.8914700000E+02        1.0000000000E+00
        9.8609100000E+01        1.0000000000E+00
        4.8138100000E+01        1.0000000000E+00
        1.7886300000E+01        1.0000000000E+00
        1.0466800000E+01        1.0000000000E+00
        4.4900600000E+00        1.0000000000E+00
        3.0904100000E+00        1.0000000000E+00
        1.9029800000E+00        1.0000000000E+00
        1.0281800000E+00        1.0000000000E+00
        5.4990600000E-01        1.0000000000E+00
        3.0246700000E-01        1.0000000000E+00
        1.5292700000E-01        1.0000000000E+00
        4.8460000000E+02        1.0000000000E+00
        1.4137500000E+02        1.0000000000E+00
        5.1574600000E+01        1.0000000000E+00
        2.4779500000E+01        1.0000000000E+00
        1.4014800000E+01        1.0000000000E+00
        6.5027100000E+00        1.0000000000E+00
        3.4978500000E+00        1.0000000000E+00
        2.3982400000E+00        1.0000000000E+00
        1.5000000000E+00        1.0000000000E+00
        9.5096500000E-01        1.0000000000E+00
        6.0089200000E-01        1.0000000000E+00
        3.4039400000E-01        1.0000000000E+00
        1.9016900000E-01        1.0000000000E+00
        1.4417200000E+02        1.0000000000E+00
        4.7331000000E+01        1.0000000000E+00
        1.9188800000E+01        1.0000000000E+00
        8.7384000000E+00        1.0000000000E+00
        4.3913400000E+00        1.0000000000E+00
        2.3072500000E+00        1.0000000000E+00
        1.6173000000E+00        1.0000000000E+00
        1.0623200000E+00        1.0000000000E+00
        7.3650700000E-01        1.0000000000E+00
        3.7613400000E-01        1.0000000000E+00
        1.7785300000E-01        1.0000000000E+00
        4.1974400000E+01        1.0000000000E+00
        2.1015500000E+01        1.0000000000E+00
        9.2348800000E+00        1.0000000000E+00
        4.4773000000E+00        1.0000000000E+00
        2.4366400000E+00        1.0000000000E+00
        1.6702900000E+00        1.0000000000E+00
        9.4437500000E-01        1.0000000000E+00
        6.3302200000E-01        1.0000000000E+00
        3.7671300000E-01        1.0000000000E+00
        1.3647100000E+01        1.0000000000E+00
        6.1194000000E+00        1.0000000000E+00
        3.1453600000E+00        1.0000000000E+00
        1.9612100000E+00        1.0000000000E+00
        1.1529300000E+00        1.0000000000E+00
        7.2283600000E-01        1.0000000000E+00
        4.8486400000E-01        1.0000000000E+00
        6.3898800000E+00        1.0000000000E+00
        3.1844700000E+00        1.0000000000E+00
        1.8256100000E+00        1.0000000000E+00
        1.1496400000E+00        1.0000000000E+00
        6.2652200000E-01        1.0000000000E+00
        4.0835800000E+00        1.0000000000E+00
        1.9428500000E+00        1.0000000000E+00
        1.0689200000E+00        1.0000000000E+00
        1.6914100000E+00        1.0000000000E+00
# ARGON
#
# Primary Functions: (13s,13p,11d,9f,7g,5h,3i,1k)
# Augmenting Functions: (13s,13p,11d,9f,7g,5h,3i,1k)
gaussian
 18 62 62
 1 1 1 1 1 1 1 1 1 1 1 1 1 1 1 1 1 1 1 1 1 1 1 1 1 1 1 1 1 1 1 1 1 1 1 1 1 1 1 1 1 1 1 1 1 1 1 1 1 1 1 1 1 1 1 1 1 1 1 1 1 1 
 0 0 0 0 0 0 0 0 0 0 0 0 0 1 1 1 1 1 1 1 1 1 1 1 1 1 2 2 2 2 2 2 2 2 2 2 2 3 3 3 3 3 3 3 3 3 4 4 4 4 4 4 4 5 5 5 5 5 6 6 6 7 
        2.6926800000E+03        1.0000000000E+00
        5.6971200000E+02        1.0000000000E+00
        1.1023000000E+02        1.0000000000E+00
        5.0000000000E+01        1.0000000000E+00
        2.1973000000E+01        1.0000000000E+00
        1.1681300000E+01        1.0000000000E+00
        5.4539300000E+00        1.0000000000E+00
        3.3052800000E+00        1.0000000000E+00
        2.2986300000E+00        1.0000000000E+00
        1.2379100000E+00        1.0000000000E+00
        6.4276300000E-01        1.0000000000E+00
        3.6658400000E-01        1.0000000000E+00
        1.7865700000E-01        1.0000000000E+00
        5.5238900000E+02        1.0000000000E+00
        1.5559700000E+02        1.0000000000E+00
        6.0543000000E+01        1.0000000000E+00
        2.7999900000E+01        1.0000000000E+00
        1.5310600000E+01        1.0000000000E+00
        7.6279500000E+00        1.0000000000E+00
        3.9000000000E+00        1.0000000000E+00
        2.6500000000E+00        1.0000000000E+00
        1.6000000000E+00        1.0000000000E+00
        1.1000000000E+00        1.0000000000E+00
        7.0000000000E-01        1.0000000000E+00
        3.9000000000E-01        1.0000000000E+00
        2.2000000000E-01        1.0000000000E+00
        1.6671400000E+02        1.0000000000E+00
        5.4170900000E+01        1.0000000000E+00
        2.2695800000E+01        1.0000000000E+00
        1.0195300000E+01        1.0000000000E+00
        5.1795700000E+00        1.0000000000E+00
        2.7764300000E+00        1.0000000000E+00
        1.8298100000E+00        1.0000000000E+00
        1.2126400000E+00        1.0000000000E+00
        8.2774800000E-01        1.0000000000E+00
        4.6496400000E-01        1.0000000000E+00
        2.0917000000E-01        1.0000000000E+00
        4.8436400000E+01        1.0000000000E+00
        2.4725600000E+01        1.0000000000E+00
        1.0956900000E+01        1.0000000000E+00
        5.3632300000E+00        1.0000000000E+00
        2.8968000000E+00        1.0000000000E+00
        2.0093900000E+00        1.0000000000E+00
        1.1607400000E+00        1.0000000000E+00
        7.5642200000E-01        1.0000000000E+00
        4.6057300000E-01        1.0000000000E+00
        1.6468700000E+01        1.0000000000E+00
        7.3876700000E+00        1.0000000000E+00
        3.9086800000E+00        1.0000000000E+00
        2.3162300000E+00        1.0000000000E+00
        1.3857800000E+00        1.0000000000E+00
        8.5588200000E-01        1.0000000000E+00
        6.0847100000E-01        1.0000000000E+00
        7.6545400000E+00        1.0000000000E+00
        3.6072700000E+00        1.0000000000E+00
        2.2035200000E+00        1.0000000000E+00
        1.3792000000E+00        1.0000000000E+00
        7.4947900000E-01        1.0000000000E+00
        4.8328000000E+00        1.0000000000E+00
        2.3511300000E+00        1.0000000000E+00
        1.2862200000E+00        1.0000000000E+00
        2.0354000000E+00        1.0000000000E+00
endbasis
