#  coemd-3  EMSL  Basis Set Exchange Library  3/20/15 9:39 PM
# Elements                             References
# --------                             ----------
# H He Li Be B C N O F Ne Na Mg Al Si P S Cl Ar: J. Lehtola, P. Manninen, M. Hakala and K. Hämäläinen, Completeness-optimized basis sets. Application to ground-state electron momentum densities, J. Chem. Phys. 137, 104105 (2012).
# 




# This basis set uses spherical components
# HYDROGEN
#
# Primary Functions: (11s,2p)
# Augmenting Functions: (11s,2p)
gaussian
 1 13 13
 1 1 1 1 1 1 1 1 1 1 1 1 1 
 0 0 0 0 0 0 0 0 0 0 0 1 1 
        8.0864195546E+02        1.0000000000E+00
        3.3568975324E+02        1.0000000000E+00
        1.1832124164E+02        1.0000000000E+00
        4.0547438017E+01        1.0000000000E+00
        1.3912518889E+01        1.0000000000E+00
        4.7503026202E+00        1.0000000000E+00
        1.6291516973E+00        1.0000000000E+00
        5.5747044947E-01        1.0000000000E+00
        1.9278598404E-01        1.0000000000E+00
        6.7488993073E-02        1.0000000000E+00
        2.7972880406E-02        1.0000000000E+00
        1.9576677532E+00        1.0000000000E+00
        4.4885339318E-01        1.0000000000E+00
# HELIUM
#
# Primary Functions: (11s,2p)
# Augmenting Functions: (11s,2p)
gaussian
 2 13 13
 1 1 1 1 1 1 1 1 1 1 1 1 1 
 0 0 0 0 0 0 0 0 0 0 0 1 1 
        8.0864195546E+02        1.0000000000E+00
        3.3568975324E+02        1.0000000000E+00
        1.1832124164E+02        1.0000000000E+00
        4.0547438017E+01        1.0000000000E+00
        1.3912518889E+01        1.0000000000E+00
        4.7503026202E+00        1.0000000000E+00
        1.6291516973E+00        1.0000000000E+00
        5.5747044947E-01        1.0000000000E+00
        1.9278598404E-01        1.0000000000E+00
        6.7488993073E-02        1.0000000000E+00
        2.7972880406E-02        1.0000000000E+00
        1.9576677532E+00        1.0000000000E+00
        4.4885339318E-01        1.0000000000E+00
# LITHIUM
#
# Primary Functions: (14s,4p)
# Augmenting Functions: (14s,4p)
gaussian
 3 18 18
 1 1 1 1 1 1 1 1 1 1 1 1 1 1 1 1 1 1 
 0 0 0 0 0 0 0 0 0 0 0 0 0 0 1 1 1 1 
        4.8584178664E+03        1.0000000000E+00
        1.7885433131E+03        1.0000000000E+00
        5.5789713637E+02        1.0000000000E+00
        1.7171283018E+02        1.0000000000E+00
        5.2976395606E+01        1.0000000000E+00
        1.6276473198E+01        1.0000000000E+00
        5.0177115785E+00        1.0000000000E+00
        1.5468046183E+00        1.0000000000E+00
        4.7408587247E-01        1.0000000000E+00
        1.4671718775E-01        1.0000000000E+00
        4.5034820144E-02        1.0000000000E+00
        1.3897451477E-02        1.0000000000E+00
        4.3602593873E-03        1.0000000000E+00
        1.6013076818E-03        1.0000000000E+00
        2.4302289100E+00        1.0000000000E+00
        6.9157731279E-01        1.0000000000E+00
        1.8037035365E-01        1.0000000000E+00
        5.1182192078E-02        1.0000000000E+00
# BERYLLIUM
#
# Primary Functions: (14s,4p)
# Augmenting Functions: (14s,4p)
gaussian
 4 18 18
 1 1 1 1 1 1 1 1 1 1 1 1 1 1 1 1 1 1 
 0 0 0 0 0 0 0 0 0 0 0 0 0 0 1 1 1 1 
        4.8584178664E+03        1.0000000000E+00
        1.7885433131E+03        1.0000000000E+00
        5.5789713637E+02        1.0000000000E+00
        1.7171283018E+02        1.0000000000E+00
        5.2976395606E+01        1.0000000000E+00
        1.6276473198E+01        1.0000000000E+00
        5.0177115785E+00        1.0000000000E+00
        1.5468046183E+00        1.0000000000E+00
        4.7408587247E-01        1.0000000000E+00
        1.4671718775E-01        1.0000000000E+00
        4.5034820144E-02        1.0000000000E+00
        1.3897451477E-02        1.0000000000E+00
        4.3602593873E-03        1.0000000000E+00
        1.6013076818E-03        1.0000000000E+00
        2.4302289100E+00        1.0000000000E+00
        6.9157731279E-01        1.0000000000E+00
        1.8037035365E-01        1.0000000000E+00
        5.1182192078E-02        1.0000000000E+00
# BORON
#
# Primary Functions: (14s,8p,1d,1f)
# Augmenting Functions: (14s,8p,1d,1f)
gaussian
 5 24 24
 1 1 1 1 1 1 1 1 1 1 1 1 1 1 1 1 1 1 1 1 1 1 1 1 
 0 0 0 0 0 0 0 0 0 0 0 0 0 0 1 1 1 1 1 1 1 1 2 3 
        4.4314892357E+04        1.0000000000E+00
        1.7459040668E+04        1.0000000000E+00
        5.8414616835E+03        1.0000000000E+00
        1.9100274434E+03        1.0000000000E+00
        6.2427235351E+02        1.0000000000E+00
        2.0319534436E+02        1.0000000000E+00
        6.6810068709E+01        1.0000000000E+00
        2.1826861268E+01        1.0000000000E+00
        7.1903400719E+00        1.0000000000E+00
        2.3472590519E+00        1.0000000000E+00
        7.6575824730E-01        1.0000000000E+00
        2.4999196822E-01        1.0000000000E+00
        8.3810784259E-02        1.0000000000E+00
        3.2876518947E-02        1.0000000000E+00
        1.0514075532E+02        1.0000000000E+00
        3.5897848557E+01        1.0000000000E+00
        1.0956476613E+01        1.0000000000E+00
        3.3132781043E+00        1.0000000000E+00
        1.0027153714E+00        1.0000000000E+00
        3.0532096985E-01        1.0000000000E+00
        9.2585651753E-02        1.0000000000E+00
        3.1638849819E-02        1.0000000000E+00
        6.5254573892E-01        1.0000000000E+00
        9.9887632267E-01        1.0000000000E+00
# CARBON
#
# Primary Functions: (14s,8p,1d,1f)
# Augmenting Functions: (14s,8p,1d,1f)
gaussian
 6 24 24
 1 1 1 1 1 1 1 1 1 1 1 1 1 1 1 1 1 1 1 1 1 1 1 1 
 0 0 0 0 0 0 0 0 0 0 0 0 0 0 1 1 1 1 1 1 1 1 2 3 
        4.4314892357E+04        1.0000000000E+00
        1.7459040668E+04        1.0000000000E+00
        5.8414616835E+03        1.0000000000E+00
        1.9100274434E+03        1.0000000000E+00
        6.2427235351E+02        1.0000000000E+00
        2.0319534436E+02        1.0000000000E+00
        6.6810068709E+01        1.0000000000E+00
        2.1826861268E+01        1.0000000000E+00
        7.1903400719E+00        1.0000000000E+00
        2.3472590519E+00        1.0000000000E+00
        7.6575824730E-01        1.0000000000E+00
        2.4999196822E-01        1.0000000000E+00
        8.3810784259E-02        1.0000000000E+00
        3.2876518947E-02        1.0000000000E+00
        1.0514075532E+02        1.0000000000E+00
        3.5897848557E+01        1.0000000000E+00
        1.0956476613E+01        1.0000000000E+00
        3.3132781043E+00        1.0000000000E+00
        1.0027153714E+00        1.0000000000E+00
        3.0532096985E-01        1.0000000000E+00
        9.2585651753E-02        1.0000000000E+00
        3.1638849819E-02        1.0000000000E+00
        6.5254573892E-01        1.0000000000E+00
        9.9887632267E-01        1.0000000000E+00
# NITROGEN
#
# Primary Functions: (14s,8p,1d,1f)
# Augmenting Functions: (14s,8p,1d,1f)
gaussian
 7 24 24
 1 1 1 1 1 1 1 1 1 1 1 1 1 1 1 1 1 1 1 1 1 1 1 1 
 0 0 0 0 0 0 0 0 0 0 0 0 0 0 1 1 1 1 1 1 1 1 2 3 
        4.4314892357E+04        1.0000000000E+00
        1.7459040668E+04        1.0000000000E+00
        5.8414616835E+03        1.0000000000E+00
        1.9100274434E+03        1.0000000000E+00
        6.2427235351E+02        1.0000000000E+00
        2.0319534436E+02        1.0000000000E+00
        6.6810068709E+01        1.0000000000E+00
        2.1826861268E+01        1.0000000000E+00
        7.1903400719E+00        1.0000000000E+00
        2.3472590519E+00        1.0000000000E+00
        7.6575824730E-01        1.0000000000E+00
        2.4999196822E-01        1.0000000000E+00
        8.3810784259E-02        1.0000000000E+00
        3.2876518947E-02        1.0000000000E+00
        1.0514075532E+02        1.0000000000E+00
        3.5897848557E+01        1.0000000000E+00
        1.0956476613E+01        1.0000000000E+00
        3.3132781043E+00        1.0000000000E+00
        1.0027153714E+00        1.0000000000E+00
        3.0532096985E-01        1.0000000000E+00
        9.2585651753E-02        1.0000000000E+00
        3.1638849819E-02        1.0000000000E+00
        6.5254573892E-01        1.0000000000E+00
        9.9887632267E-01        1.0000000000E+00
# OXYGEN
#
# Primary Functions: (14s,8p,1d,1f)
# Augmenting Functions: (14s,8p,1d,1f)
gaussian
 8 24 24
 1 1 1 1 1 1 1 1 1 1 1 1 1 1 1 1 1 1 1 1 1 1 1 1 
 0 0 0 0 0 0 0 0 0 0 0 0 0 0 1 1 1 1 1 1 1 1 2 3 
        4.4314892357E+04        1.0000000000E+00
        1.7459040668E+04        1.0000000000E+00
        5.8414616835E+03        1.0000000000E+00
        1.9100274434E+03        1.0000000000E+00
        6.2427235351E+02        1.0000000000E+00
        2.0319534436E+02        1.0000000000E+00
        6.6810068709E+01        1.0000000000E+00
        2.1826861268E+01        1.0000000000E+00
        7.1903400719E+00        1.0000000000E+00
        2.3472590519E+00        1.0000000000E+00
        7.6575824730E-01        1.0000000000E+00
        2.4999196822E-01        1.0000000000E+00
        8.3810784259E-02        1.0000000000E+00
        3.2876518947E-02        1.0000000000E+00
        1.0514075532E+02        1.0000000000E+00
        3.5897848557E+01        1.0000000000E+00
        1.0956476613E+01        1.0000000000E+00
        3.3132781043E+00        1.0000000000E+00
        1.0027153714E+00        1.0000000000E+00
        3.0532096985E-01        1.0000000000E+00
        9.2585651753E-02        1.0000000000E+00
        3.1638849819E-02        1.0000000000E+00
        6.5254573892E-01        1.0000000000E+00
        9.9887632267E-01        1.0000000000E+00
# FLUORINE
#
# Primary Functions: (14s,8p,1d,1f)
# Augmenting Functions: (14s,8p,1d,1f)
gaussian
 9 24 24
 1 1 1 1 1 1 1 1 1 1 1 1 1 1 1 1 1 1 1 1 1 1 1 1 
 0 0 0 0 0 0 0 0 0 0 0 0 0 0 1 1 1 1 1 1 1 1 2 3 
        4.4314892357E+04        1.0000000000E+00
        1.7459040668E+04        1.0000000000E+00
        5.8414616835E+03        1.0000000000E+00
        1.9100274434E+03        1.0000000000E+00
        6.2427235351E+02        1.0000000000E+00
        2.0319534436E+02        1.0000000000E+00
        6.6810068709E+01        1.0000000000E+00
        2.1826861268E+01        1.0000000000E+00
        7.1903400719E+00        1.0000000000E+00
        2.3472590519E+00        1.0000000000E+00
        7.6575824730E-01        1.0000000000E+00
        2.4999196822E-01        1.0000000000E+00
        8.3810784259E-02        1.0000000000E+00
        3.2876518947E-02        1.0000000000E+00
        1.0514075532E+02        1.0000000000E+00
        3.5897848557E+01        1.0000000000E+00
        1.0956476613E+01        1.0000000000E+00
        3.3132781043E+00        1.0000000000E+00
        1.0027153714E+00        1.0000000000E+00
        3.0532096985E-01        1.0000000000E+00
        9.2585651753E-02        1.0000000000E+00
        3.1638849819E-02        1.0000000000E+00
        6.5254573892E-01        1.0000000000E+00
        9.9887632267E-01        1.0000000000E+00
# NEON
#
# Primary Functions: (14s,8p,1d,1f)
# Augmenting Functions: (14s,8p,1d,1f)
gaussian
 10 24 24
 1 1 1 1 1 1 1 1 1 1 1 1 1 1 1 1 1 1 1 1 1 1 1 1 
 0 0 0 0 0 0 0 0 0 0 0 0 0 0 1 1 1 1 1 1 1 1 2 3 
        4.4314892357E+04        1.0000000000E+00
        1.7459040668E+04        1.0000000000E+00
        5.8414616835E+03        1.0000000000E+00
        1.9100274434E+03        1.0000000000E+00
        6.2427235351E+02        1.0000000000E+00
        2.0319534436E+02        1.0000000000E+00
        6.6810068709E+01        1.0000000000E+00
        2.1826861268E+01        1.0000000000E+00
        7.1903400719E+00        1.0000000000E+00
        2.3472590519E+00        1.0000000000E+00
        7.6575824730E-01        1.0000000000E+00
        2.4999196822E-01        1.0000000000E+00
        8.3810784259E-02        1.0000000000E+00
        3.2876518947E-02        1.0000000000E+00
        1.0514075532E+02        1.0000000000E+00
        3.5897848557E+01        1.0000000000E+00
        1.0956476613E+01        1.0000000000E+00
        3.3132781043E+00        1.0000000000E+00
        1.0027153714E+00        1.0000000000E+00
        3.0532096985E-01        1.0000000000E+00
        9.2585651753E-02        1.0000000000E+00
        3.1638849819E-02        1.0000000000E+00
        6.5254573892E-01        1.0000000000E+00
        9.9887632267E-01        1.0000000000E+00
# SODIUM
#
# Primary Functions: (17s,7p,1d)
# Augmenting Functions: (17s,7p,1d)
gaussian
 11 25 25
 1 1 1 1 1 1 1 1 1 1 1 1 1 1 1 1 1 1 1 1 1 1 1 1 1 
 0 0 0 0 0 0 0 0 0 0 0 0 0 0 0 0 0 1 1 1 1 1 1 1 2 
        6.5502767076E+04        1.0000000000E+00
        2.5676159754E+04        1.0000000000E+00
        8.6364705685E+03        1.0000000000E+00
        2.7955656304E+03        1.0000000000E+00
        9.1331314664E+02        1.0000000000E+00
        2.9558983972E+02        1.0000000000E+00
        9.5597261354E+01        1.0000000000E+00
        3.0806299695E+01        1.0000000000E+00
        9.9650940026E+00        1.0000000000E+00
        3.2120122010E+00        1.0000000000E+00
        1.0351506512E+00        1.0000000000E+00
        3.3212782218E-01        1.0000000000E+00
        1.0632380759E-01        1.0000000000E+00
        3.4180217691E-02        1.0000000000E+00
        1.1019837199E-02        1.0000000000E+00
        3.5754381931E-03        1.0000000000E+00
        1.3709587508E-03        1.0000000000E+00
        1.7761658286E+02        1.0000000000E+00
        5.6843222281E+01        1.0000000000E+00
        1.6234049080E+01        1.0000000000E+00
        4.6463388663E+00        1.0000000000E+00
        1.3365251883E+00        1.0000000000E+00
        3.8264898130E-01        1.0000000000E+00
        1.2179735811E-01        1.0000000000E+00
        7.1129667940E-01        1.0000000000E+00
# MAGNESIUM
#
# Primary Functions: (17s,7p,1d)
# Augmenting Functions: (17s,7p,1d)
gaussian
 12 25 25
 1 1 1 1 1 1 1 1 1 1 1 1 1 1 1 1 1 1 1 1 1 1 1 1 1 
 0 0 0 0 0 0 0 0 0 0 0 0 0 0 0 0 0 1 1 1 1 1 1 1 2 
        6.5502767076E+04        1.0000000000E+00
        2.5676159754E+04        1.0000000000E+00
        8.6364705685E+03        1.0000000000E+00
        2.7955656304E+03        1.0000000000E+00
        9.1331314664E+02        1.0000000000E+00
        2.9558983972E+02        1.0000000000E+00
        9.5597261354E+01        1.0000000000E+00
        3.0806299695E+01        1.0000000000E+00
        9.9650940026E+00        1.0000000000E+00
        3.2120122010E+00        1.0000000000E+00
        1.0351506512E+00        1.0000000000E+00
        3.3212782218E-01        1.0000000000E+00
        1.0632380759E-01        1.0000000000E+00
        3.4180217691E-02        1.0000000000E+00
        1.1019837199E-02        1.0000000000E+00
        3.5754381931E-03        1.0000000000E+00
        1.3709587508E-03        1.0000000000E+00
        1.7761658286E+02        1.0000000000E+00
        5.6843222281E+01        1.0000000000E+00
        1.6234049080E+01        1.0000000000E+00
        4.6463388663E+00        1.0000000000E+00
        1.3365251883E+00        1.0000000000E+00
        3.8264898130E-01        1.0000000000E+00
        1.2179735811E-01        1.0000000000E+00
        7.1129667940E-01        1.0000000000E+00
# ALUMINUM
#
# Primary Functions: (15s,10p,1d)
# Augmenting Functions: (15s,10p,1d)
gaussian
 13 26 26
 1 1 1 1 1 1 1 1 1 1 1 1 1 1 1 1 1 1 1 1 1 1 1 1 1 1 
 0 0 0 0 0 0 0 0 0 0 0 0 0 0 0 1 1 1 1 1 1 1 1 1 1 2 
        6.3246515820E+04        1.0000000000E+00
        2.5379455522E+04        1.0000000000E+00
        8.6387965422E+03        1.0000000000E+00
        2.8921166867E+03        1.0000000000E+00
        9.6055050528E+02        1.0000000000E+00
        3.1923157070E+02        1.0000000000E+00
        1.0686504672E+02        1.0000000000E+00
        3.5544317954E+01        1.0000000000E+00
        1.1847645676E+01        1.0000000000E+00
        3.9630373288E+00        1.0000000000E+00
        1.3156810892E+00        1.0000000000E+00
        4.3848420827E-01        1.0000000000E+00
        1.4509690267E-01        1.0000000000E+00
        4.9419301989E-02        1.0000000000E+00
        1.9838559428E-02        1.0000000000E+00
        6.4351993773E+02        1.0000000000E+00
        2.2282586744E+02        1.0000000000E+00
        6.8944591705E+01        1.0000000000E+00
        2.1110213167E+01        1.0000000000E+00
        6.4318972520E+00        1.0000000000E+00
        1.9737485491E+00        1.0000000000E+00
        6.0037635499E-01        1.0000000000E+00
        1.8276008355E-01        1.0000000000E+00
        5.5942936446E-02        1.0000000000E+00
        1.9044060500E-02        1.0000000000E+00
        4.2636348798E-01        1.0000000000E+00
# SILICON
#
# Primary Functions: (15s,10p,1d)
# Augmenting Functions: (15s,10p,1d)
gaussian
 14 26 26
 1 1 1 1 1 1 1 1 1 1 1 1 1 1 1 1 1 1 1 1 1 1 1 1 1 1 
 0 0 0 0 0 0 0 0 0 0 0 0 0 0 0 1 1 1 1 1 1 1 1 1 1 2 
        6.3246515820E+04        1.0000000000E+00
        2.5379455522E+04        1.0000000000E+00
        8.6387965422E+03        1.0000000000E+00
        2.8921166867E+03        1.0000000000E+00
        9.6055050528E+02        1.0000000000E+00
        3.1923157070E+02        1.0000000000E+00
        1.0686504672E+02        1.0000000000E+00
        3.5544317954E+01        1.0000000000E+00
        1.1847645676E+01        1.0000000000E+00
        3.9630373288E+00        1.0000000000E+00
        1.3156810892E+00        1.0000000000E+00
        4.3848420827E-01        1.0000000000E+00
        1.4509690267E-01        1.0000000000E+00
        4.9419301989E-02        1.0000000000E+00
        1.9838559428E-02        1.0000000000E+00
        6.4351993773E+02        1.0000000000E+00
        2.2282586744E+02        1.0000000000E+00
        6.8944591705E+01        1.0000000000E+00
        2.1110213167E+01        1.0000000000E+00
        6.4318972520E+00        1.0000000000E+00
        1.9737485491E+00        1.0000000000E+00
        6.0037635499E-01        1.0000000000E+00
        1.8276008355E-01        1.0000000000E+00
        5.5942936446E-02        1.0000000000E+00
        1.9044060500E-02        1.0000000000E+00
        4.2636348798E-01        1.0000000000E+00
# PHOSPHOROUS
#
# Primary Functions: (15s,10p,1d)
# Augmenting Functions: (15s,10p,1d)
gaussian
 15 26 26
 1 1 1 1 1 1 1 1 1 1 1 1 1 1 1 1 1 1 1 1 1 1 1 1 1 1 
 0 0 0 0 0 0 0 0 0 0 0 0 0 0 0 1 1 1 1 1 1 1 1 1 1 2 
        6.3246515820E+04        1.0000000000E+00
        2.5379455522E+04        1.0000000000E+00
        8.6387965422E+03        1.0000000000E+00
        2.8921166867E+03        1.0000000000E+00
        9.6055050528E+02        1.0000000000E+00
        3.1923157070E+02        1.0000000000E+00
        1.0686504672E+02        1.0000000000E+00
        3.5544317954E+01        1.0000000000E+00
        1.1847645676E+01        1.0000000000E+00
        3.9630373288E+00        1.0000000000E+00
        1.3156810892E+00        1.0000000000E+00
        4.3848420827E-01        1.0000000000E+00
        1.4509690267E-01        1.0000000000E+00
        4.9419301989E-02        1.0000000000E+00
        1.9838559428E-02        1.0000000000E+00
        6.4351993773E+02        1.0000000000E+00
        2.2282586744E+02        1.0000000000E+00
        6.8944591705E+01        1.0000000000E+00
        2.1110213167E+01        1.0000000000E+00
        6.4318972520E+00        1.0000000000E+00
        1.9737485491E+00        1.0000000000E+00
        6.0037635499E-01        1.0000000000E+00
        1.8276008355E-01        1.0000000000E+00
        5.5942936446E-02        1.0000000000E+00
        1.9044060500E-02        1.0000000000E+00
        4.2636348798E-01        1.0000000000E+00
# SULFUR
#
# Primary Functions: (15s,10p,1d)
# Augmenting Functions: (15s,10p,1d)
gaussian
 16 26 26
 1 1 1 1 1 1 1 1 1 1 1 1 1 1 1 1 1 1 1 1 1 1 1 1 1 1 
 0 0 0 0 0 0 0 0 0 0 0 0 0 0 0 1 1 1 1 1 1 1 1 1 1 2 
        6.3246515820E+04        1.0000000000E+00
        2.5379455522E+04        1.0000000000E+00
        8.6387965422E+03        1.0000000000E+00
        2.8921166867E+03        1.0000000000E+00
        9.6055050528E+02        1.0000000000E+00
        3.1923157070E+02        1.0000000000E+00
        1.0686504672E+02        1.0000000000E+00
        3.5544317954E+01        1.0000000000E+00
        1.1847645676E+01        1.0000000000E+00
        3.9630373288E+00        1.0000000000E+00
        1.3156810892E+00        1.0000000000E+00
        4.3848420827E-01        1.0000000000E+00
        1.4509690267E-01        1.0000000000E+00
        4.9419301989E-02        1.0000000000E+00
        1.9838559428E-02        1.0000000000E+00
        6.4351993773E+02        1.0000000000E+00
        2.2282586744E+02        1.0000000000E+00
        6.8944591705E+01        1.0000000000E+00
        2.1110213167E+01        1.0000000000E+00
        6.4318972520E+00        1.0000000000E+00
        1.9737485491E+00        1.0000000000E+00
        6.0037635499E-01        1.0000000000E+00
        1.8276008355E-01        1.0000000000E+00
        5.5942936446E-02        1.0000000000E+00
        1.9044060500E-02        1.0000000000E+00
        4.2636348798E-01        1.0000000000E+00
# CHLORINE
#
# Primary Functions: (15s,10p,1d)
# Augmenting Functions: (15s,10p,1d)
gaussian
 17 26 26
 1 1 1 1 1 1 1 1 1 1 1 1 1 1 1 1 1 1 1 1 1 1 1 1 1 1 
 0 0 0 0 0 0 0 0 0 0 0 0 0 0 0 1 1 1 1 1 1 1 1 1 1 2 
        6.3246515820E+04        1.0000000000E+00
        2.5379455522E+04        1.0000000000E+00
        8.6387965422E+03        1.0000000000E+00
        2.8921166867E+03        1.0000000000E+00
        9.6055050528E+02        1.0000000000E+00
        3.1923157070E+02        1.0000000000E+00
        1.0686504672E+02        1.0000000000E+00
        3.5544317954E+01        1.0000000000E+00
        1.1847645676E+01        1.0000000000E+00
        3.9630373288E+00        1.0000000000E+00
        1.3156810892E+00        1.0000000000E+00
        4.3848420827E-01        1.0000000000E+00
        1.4509690267E-01        1.0000000000E+00
        4.9419301989E-02        1.0000000000E+00
        1.9838559428E-02        1.0000000000E+00
        6.4351993773E+02        1.0000000000E+00
        2.2282586744E+02        1.0000000000E+00
        6.8944591705E+01        1.0000000000E+00
        2.1110213167E+01        1.0000000000E+00
        6.4318972520E+00        1.0000000000E+00
        1.9737485491E+00        1.0000000000E+00
        6.0037635499E-01        1.0000000000E+00
        1.8276008355E-01        1.0000000000E+00
        5.5942936446E-02        1.0000000000E+00
        1.9044060500E-02        1.0000000000E+00
        4.2636348798E-01        1.0000000000E+00
# ARGON
#
# Primary Functions: (15s,10p,1d)
# Augmenting Functions: (15s,10p,1d)
gaussian
 18 26 26
 1 1 1 1 1 1 1 1 1 1 1 1 1 1 1 1 1 1 1 1 1 1 1 1 1 1 
 0 0 0 0 0 0 0 0 0 0 0 0 0 0 0 1 1 1 1 1 1 1 1 1 1 2 
        6.3246515820E+04        1.0000000000E+00
        2.5379455522E+04        1.0000000000E+00
        8.6387965422E+03        1.0000000000E+00
        2.8921166867E+03        1.0000000000E+00
        9.6055050528E+02        1.0000000000E+00
        3.1923157070E+02        1.0000000000E+00
        1.0686504672E+02        1.0000000000E+00
        3.5544317954E+01        1.0000000000E+00
        1.1847645676E+01        1.0000000000E+00
        3.9630373288E+00        1.0000000000E+00
        1.3156810892E+00        1.0000000000E+00
        4.3848420827E-01        1.0000000000E+00
        1.4509690267E-01        1.0000000000E+00
        4.9419301989E-02        1.0000000000E+00
        1.9838559428E-02        1.0000000000E+00
        6.4351993773E+02        1.0000000000E+00
        2.2282586744E+02        1.0000000000E+00
        6.8944591705E+01        1.0000000000E+00
        2.1110213167E+01        1.0000000000E+00
        6.4318972520E+00        1.0000000000E+00
        1.9737485491E+00        1.0000000000E+00
        6.0037635499E-01        1.0000000000E+00
        1.8276008355E-01        1.0000000000E+00
        5.5942936446E-02        1.0000000000E+00
        1.9044060500E-02        1.0000000000E+00
        4.2636348798E-01        1.0000000000E+00
endbasis
