#  coemd-4  EMSL  Basis Set Exchange Library  3/20/15 9:40 PM
# Elements                             References
# --------                             ----------
# H He Li Be B C N O F Ne Na Mg Al Si P S Cl Ar: J. Lehtola, P. Manninen, M. Hakala and K. Hämäläinen, Completeness-optimized basis sets. Application to ground-state electron momentum densities, J. Chem. Phys. 137, 104105 (2012).
# 




# This basis set uses spherical components
# HYDROGEN
#
# Primary Functions: (16s,2p,1d)
# Augmenting Functions: (16s,2p,1d)
gaussian
 1 19 19
 1 1 1 1 1 1 1 1 1 1 1 1 1 1 1 1 1 1 1 
 0 0 0 0 0 0 0 0 0 0 0 0 0 0 0 0 1 1 2 
        7.0157839159E+03        1.0000000000E+00
        3.4034899021E+03        1.0000000000E+00
        1.3848871871E+03        1.0000000000E+00
        5.4676314068E+02        1.0000000000E+00
        2.1265853341E+02        1.0000000000E+00
        8.3078730506E+01        1.0000000000E+00
        3.2437524450E+01        1.0000000000E+00
        1.2775915466E+01        1.0000000000E+00
        4.9787084941E+00        1.0000000000E+00
        1.9360479010E+00        1.0000000000E+00
        7.6106094598E-01        1.0000000000E+00
        2.9563324527E-01        1.0000000000E+00
        1.1588266756E-01        1.0000000000E+00
        4.5319090367E-02        1.0000000000E+00
        1.8410073942E-02        1.0000000000E+00
        8.8954343186E-03        1.0000000000E+00
        1.9576677532E+00        1.0000000000E+00
        4.4885339318E-01        1.0000000000E+00
        2.6926244266E+00        1.0000000000E+00
# HELIUM
#
# Primary Functions: (16s,2p,1d)
# Augmenting Functions: (16s,2p,1d)
gaussian
 2 19 19
 1 1 1 1 1 1 1 1 1 1 1 1 1 1 1 1 1 1 1 
 0 0 0 0 0 0 0 0 0 0 0 0 0 0 0 0 1 1 2 
        7.0157839159E+03        1.0000000000E+00
        3.4034899021E+03        1.0000000000E+00
        1.3848871871E+03        1.0000000000E+00
        5.4676314068E+02        1.0000000000E+00
        2.1265853341E+02        1.0000000000E+00
        8.3078730506E+01        1.0000000000E+00
        3.2437524450E+01        1.0000000000E+00
        1.2775915466E+01        1.0000000000E+00
        4.9787084941E+00        1.0000000000E+00
        1.9360479010E+00        1.0000000000E+00
        7.6106094598E-01        1.0000000000E+00
        2.9563324527E-01        1.0000000000E+00
        1.1588266756E-01        1.0000000000E+00
        4.5319090367E-02        1.0000000000E+00
        1.8410073942E-02        1.0000000000E+00
        8.8954343186E-03        1.0000000000E+00
        1.9576677532E+00        1.0000000000E+00
        4.4885339318E-01        1.0000000000E+00
        2.6926244266E+00        1.0000000000E+00
# LITHIUM
#
# Primary Functions: (19s,6p,1d)
# Augmenting Functions: (19s,6p,1d)
gaussian
 3 26 26
 1 1 1 1 1 1 1 1 1 1 1 1 1 1 1 1 1 1 1 1 1 1 1 1 1 1 
 0 0 0 0 0 0 0 0 0 0 0 0 0 0 0 0 0 0 0 1 1 1 1 1 1 2 
        1.6615839607E+04        1.0000000000E+00
        8.0911561219E+03        1.0000000000E+00
        3.3054815144E+03        1.0000000000E+00
        1.3216190973E+03        1.0000000000E+00
        5.2281913148E+02        1.0000000000E+00
        2.0605106436E+02        1.0000000000E+00
        8.1658692812E+01        1.0000000000E+00
        3.1867751616E+01        1.0000000000E+00
        1.2590048624E+01        1.0000000000E+00
        4.9398974614E+00        1.0000000000E+00
        1.9435963892E+00        1.0000000000E+00
        7.6375231196E-01        1.0000000000E+00
        3.0105978810E-01        1.0000000000E+00
        1.1797080260E-01        1.0000000000E+00
        4.6269890894E-02        1.0000000000E+00
        1.8116255783E-02        1.0000000000E+00
        7.1649294197E-03        1.0000000000E+00
        2.9409034788E-03        1.0000000000E+00
        1.4216739182E-03        1.0000000000E+00
        3.0761266504E+00        1.0000000000E+00
        1.4041697629E+00        1.0000000000E+00
        5.6135788045E-01        1.0000000000E+00
        2.2175280577E-01        1.0000000000E+00
        8.8609961691E-02        1.0000000000E+00
        4.0769298626E-02        1.0000000000E+00
        1.8454967353E-01        1.0000000000E+00
# BERYLLIUM
#
# Primary Functions: (19s,6p,1d)
# Augmenting Functions: (19s,6p,1d)
gaussian
 4 26 26
 1 1 1 1 1 1 1 1 1 1 1 1 1 1 1 1 1 1 1 1 1 1 1 1 1 1 
 0 0 0 0 0 0 0 0 0 0 0 0 0 0 0 0 0 0 0 1 1 1 1 1 1 2 
        1.6615839607E+04        1.0000000000E+00
        8.0911561219E+03        1.0000000000E+00
        3.3054815144E+03        1.0000000000E+00
        1.3216190973E+03        1.0000000000E+00
        5.2281913148E+02        1.0000000000E+00
        2.0605106436E+02        1.0000000000E+00
        8.1658692812E+01        1.0000000000E+00
        3.1867751616E+01        1.0000000000E+00
        1.2590048624E+01        1.0000000000E+00
        4.9398974614E+00        1.0000000000E+00
        1.9435963892E+00        1.0000000000E+00
        7.6375231196E-01        1.0000000000E+00
        3.0105978810E-01        1.0000000000E+00
        1.1797080260E-01        1.0000000000E+00
        4.6269890894E-02        1.0000000000E+00
        1.8116255783E-02        1.0000000000E+00
        7.1649294197E-03        1.0000000000E+00
        2.9409034788E-03        1.0000000000E+00
        1.4216739182E-03        1.0000000000E+00
        3.0761266504E+00        1.0000000000E+00
        1.4041697629E+00        1.0000000000E+00
        5.6135788045E-01        1.0000000000E+00
        2.2175280577E-01        1.0000000000E+00
        8.8609961691E-02        1.0000000000E+00
        4.0769298626E-02        1.0000000000E+00
        1.8454967353E-01        1.0000000000E+00
# BORON
#
# Primary Functions: (19s,11p,2d,1f)
# Augmenting Functions: (19s,11p,2d,1f)
gaussian
 5 33 33
 1 1 1 1 1 1 1 1 1 1 1 1 1 1 1 1 1 1 1 1 1 1 1 1 1 1 1 1 1 1 1 1 1 
 0 0 0 0 0 0 0 0 0 0 0 0 0 0 0 0 0 0 0 1 1 1 1 1 1 1 1 1 1 1 2 2 3 
        1.3056741059E+05        1.0000000000E+00
        6.3580374422E+04        1.0000000000E+00
        2.5974502180E+04        1.0000000000E+00
        1.0385294238E+04        1.0000000000E+00
        4.1083172335E+03        1.0000000000E+00
        1.6191510366E+03        1.0000000000E+00
        6.4167471070E+02        1.0000000000E+00
        2.5041706639E+02        1.0000000000E+00
        9.8932710416E+01        1.0000000000E+00
        3.8817756755E+01        1.0000000000E+00
        1.5272797149E+01        1.0000000000E+00
        6.0015722387E+00        1.0000000000E+00
        2.3657304052E+00        1.0000000000E+00
        9.2701558183E-01        1.0000000000E+00
        3.6358920075E-01        1.0000000000E+00
        1.4235769382E-01        1.0000000000E+00
        5.6302077027E-02        1.0000000000E+00
        2.3109644840E-02        1.0000000000E+00
        1.1171525881E-02        1.0000000000E+00
        1.2516674830E+02        1.0000000000E+00
        6.1547678319E+01        1.0000000000E+00
        2.6366692347E+01        1.0000000000E+00
        1.0871762360E+01        1.0000000000E+00
        4.4970953529E+00        1.0000000000E+00
        1.8613492379E+00        1.0000000000E+00
        7.6582766627E-01        1.0000000000E+00
        3.1456009833E-01        1.0000000000E+00
        1.3014919773E-01        1.0000000000E+00
        5.5096296457E-02        1.0000000000E+00
        2.6836407036E-02        1.0000000000E+00
        1.2503316269E+00        1.0000000000E+00
        3.4669122280E-01        1.0000000000E+00
        9.9887632267E-01        1.0000000000E+00
# CARBON
#
# Primary Functions: (19s,11p,2d,1f)
# Augmenting Functions: (19s,11p,2d,1f)
gaussian
 6 33 33
 1 1 1 1 1 1 1 1 1 1 1 1 1 1 1 1 1 1 1 1 1 1 1 1 1 1 1 1 1 1 1 1 1 
 0 0 0 0 0 0 0 0 0 0 0 0 0 0 0 0 0 0 0 1 1 1 1 1 1 1 1 1 1 1 2 2 3 
        1.3056741059E+05        1.0000000000E+00
        6.3580374422E+04        1.0000000000E+00
        2.5974502180E+04        1.0000000000E+00
        1.0385294238E+04        1.0000000000E+00
        4.1083172335E+03        1.0000000000E+00
        1.6191510366E+03        1.0000000000E+00
        6.4167471070E+02        1.0000000000E+00
        2.5041706639E+02        1.0000000000E+00
        9.8932710416E+01        1.0000000000E+00
        3.8817756755E+01        1.0000000000E+00
        1.5272797149E+01        1.0000000000E+00
        6.0015722387E+00        1.0000000000E+00
        2.3657304052E+00        1.0000000000E+00
        9.2701558183E-01        1.0000000000E+00
        3.6358920075E-01        1.0000000000E+00
        1.4235769382E-01        1.0000000000E+00
        5.6302077027E-02        1.0000000000E+00
        2.3109644840E-02        1.0000000000E+00
        1.1171525881E-02        1.0000000000E+00
        1.2516674830E+02        1.0000000000E+00
        6.1547678319E+01        1.0000000000E+00
        2.6366692347E+01        1.0000000000E+00
        1.0871762360E+01        1.0000000000E+00
        4.4970953529E+00        1.0000000000E+00
        1.8613492379E+00        1.0000000000E+00
        7.6582766627E-01        1.0000000000E+00
        3.1456009833E-01        1.0000000000E+00
        1.3014919773E-01        1.0000000000E+00
        5.5096296457E-02        1.0000000000E+00
        2.6836407036E-02        1.0000000000E+00
        1.2503316269E+00        1.0000000000E+00
        3.4669122280E-01        1.0000000000E+00
        9.9887632267E-01        1.0000000000E+00
# NITROGEN
#
# Primary Functions: (19s,11p,2d,1f)
# Augmenting Functions: (19s,11p,2d,1f)
gaussian
 7 33 33
 1 1 1 1 1 1 1 1 1 1 1 1 1 1 1 1 1 1 1 1 1 1 1 1 1 1 1 1 1 1 1 1 1 
 0 0 0 0 0 0 0 0 0 0 0 0 0 0 0 0 0 0 0 1 1 1 1 1 1 1 1 1 1 1 2 2 3 
        1.3056741059E+05        1.0000000000E+00
        6.3580374422E+04        1.0000000000E+00
        2.5974502180E+04        1.0000000000E+00
        1.0385294238E+04        1.0000000000E+00
        4.1083172335E+03        1.0000000000E+00
        1.6191510366E+03        1.0000000000E+00
        6.4167471070E+02        1.0000000000E+00
        2.5041706639E+02        1.0000000000E+00
        9.8932710416E+01        1.0000000000E+00
        3.8817756755E+01        1.0000000000E+00
        1.5272797149E+01        1.0000000000E+00
        6.0015722387E+00        1.0000000000E+00
        2.3657304052E+00        1.0000000000E+00
        9.2701558183E-01        1.0000000000E+00
        3.6358920075E-01        1.0000000000E+00
        1.4235769382E-01        1.0000000000E+00
        5.6302077027E-02        1.0000000000E+00
        2.3109644840E-02        1.0000000000E+00
        1.1171525881E-02        1.0000000000E+00
        1.2516674830E+02        1.0000000000E+00
        6.1547678319E+01        1.0000000000E+00
        2.6366692347E+01        1.0000000000E+00
        1.0871762360E+01        1.0000000000E+00
        4.4970953529E+00        1.0000000000E+00
        1.8613492379E+00        1.0000000000E+00
        7.6582766627E-01        1.0000000000E+00
        3.1456009833E-01        1.0000000000E+00
        1.3014919773E-01        1.0000000000E+00
        5.5096296457E-02        1.0000000000E+00
        2.6836407036E-02        1.0000000000E+00
        1.2503316269E+00        1.0000000000E+00
        3.4669122280E-01        1.0000000000E+00
        9.9887632267E-01        1.0000000000E+00
# OXYGEN
#
# Primary Functions: (19s,11p,2d,1f)
# Augmenting Functions: (19s,11p,2d,1f)
gaussian
 8 33 33
 1 1 1 1 1 1 1 1 1 1 1 1 1 1 1 1 1 1 1 1 1 1 1 1 1 1 1 1 1 1 1 1 1 
 0 0 0 0 0 0 0 0 0 0 0 0 0 0 0 0 0 0 0 1 1 1 1 1 1 1 1 1 1 1 2 2 3 
        1.3056741059E+05        1.0000000000E+00
        6.3580374422E+04        1.0000000000E+00
        2.5974502180E+04        1.0000000000E+00
        1.0385294238E+04        1.0000000000E+00
        4.1083172335E+03        1.0000000000E+00
        1.6191510366E+03        1.0000000000E+00
        6.4167471070E+02        1.0000000000E+00
        2.5041706639E+02        1.0000000000E+00
        9.8932710416E+01        1.0000000000E+00
        3.8817756755E+01        1.0000000000E+00
        1.5272797149E+01        1.0000000000E+00
        6.0015722387E+00        1.0000000000E+00
        2.3657304052E+00        1.0000000000E+00
        9.2701558183E-01        1.0000000000E+00
        3.6358920075E-01        1.0000000000E+00
        1.4235769382E-01        1.0000000000E+00
        5.6302077027E-02        1.0000000000E+00
        2.3109644840E-02        1.0000000000E+00
        1.1171525881E-02        1.0000000000E+00
        1.2516674830E+02        1.0000000000E+00
        6.1547678319E+01        1.0000000000E+00
        2.6366692347E+01        1.0000000000E+00
        1.0871762360E+01        1.0000000000E+00
        4.4970953529E+00        1.0000000000E+00
        1.8613492379E+00        1.0000000000E+00
        7.6582766627E-01        1.0000000000E+00
        3.1456009833E-01        1.0000000000E+00
        1.3014919773E-01        1.0000000000E+00
        5.5096296457E-02        1.0000000000E+00
        2.6836407036E-02        1.0000000000E+00
        1.2503316269E+00        1.0000000000E+00
        3.4669122280E-01        1.0000000000E+00
        9.9887632267E-01        1.0000000000E+00
# FLUORINE
#
# Primary Functions: (19s,11p,2d,1f)
# Augmenting Functions: (19s,11p,2d,1f)
gaussian
 9 33 33
 1 1 1 1 1 1 1 1 1 1 1 1 1 1 1 1 1 1 1 1 1 1 1 1 1 1 1 1 1 1 1 1 1 
 0 0 0 0 0 0 0 0 0 0 0 0 0 0 0 0 0 0 0 1 1 1 1 1 1 1 1 1 1 1 2 2 3 
        1.3056741059E+05        1.0000000000E+00
        6.3580374422E+04        1.0000000000E+00
        2.5974502180E+04        1.0000000000E+00
        1.0385294238E+04        1.0000000000E+00
        4.1083172335E+03        1.0000000000E+00
        1.6191510366E+03        1.0000000000E+00
        6.4167471070E+02        1.0000000000E+00
        2.5041706639E+02        1.0000000000E+00
        9.8932710416E+01        1.0000000000E+00
        3.8817756755E+01        1.0000000000E+00
        1.5272797149E+01        1.0000000000E+00
        6.0015722387E+00        1.0000000000E+00
        2.3657304052E+00        1.0000000000E+00
        9.2701558183E-01        1.0000000000E+00
        3.6358920075E-01        1.0000000000E+00
        1.4235769382E-01        1.0000000000E+00
        5.6302077027E-02        1.0000000000E+00
        2.3109644840E-02        1.0000000000E+00
        1.1171525881E-02        1.0000000000E+00
        1.2516674830E+02        1.0000000000E+00
        6.1547678319E+01        1.0000000000E+00
        2.6366692347E+01        1.0000000000E+00
        1.0871762360E+01        1.0000000000E+00
        4.4970953529E+00        1.0000000000E+00
        1.8613492379E+00        1.0000000000E+00
        7.6582766627E-01        1.0000000000E+00
        3.1456009833E-01        1.0000000000E+00
        1.3014919773E-01        1.0000000000E+00
        5.5096296457E-02        1.0000000000E+00
        2.6836407036E-02        1.0000000000E+00
        1.2503316269E+00        1.0000000000E+00
        3.4669122280E-01        1.0000000000E+00
        9.9887632267E-01        1.0000000000E+00
# NEON
#
# Primary Functions: (19s,11p,2d,1f)
# Augmenting Functions: (19s,11p,2d,1f)
gaussian
 10 33 33
 1 1 1 1 1 1 1 1 1 1 1 1 1 1 1 1 1 1 1 1 1 1 1 1 1 1 1 1 1 1 1 1 1 
 0 0 0 0 0 0 0 0 0 0 0 0 0 0 0 0 0 0 0 1 1 1 1 1 1 1 1 1 1 1 2 2 3 
        1.3056741059E+05        1.0000000000E+00
        6.3580374422E+04        1.0000000000E+00
        2.5974502180E+04        1.0000000000E+00
        1.0385294238E+04        1.0000000000E+00
        4.1083172335E+03        1.0000000000E+00
        1.6191510366E+03        1.0000000000E+00
        6.4167471070E+02        1.0000000000E+00
        2.5041706639E+02        1.0000000000E+00
        9.8932710416E+01        1.0000000000E+00
        3.8817756755E+01        1.0000000000E+00
        1.5272797149E+01        1.0000000000E+00
        6.0015722387E+00        1.0000000000E+00
        2.3657304052E+00        1.0000000000E+00
        9.2701558183E-01        1.0000000000E+00
        3.6358920075E-01        1.0000000000E+00
        1.4235769382E-01        1.0000000000E+00
        5.6302077027E-02        1.0000000000E+00
        2.3109644840E-02        1.0000000000E+00
        1.1171525881E-02        1.0000000000E+00
        1.2516674830E+02        1.0000000000E+00
        6.1547678319E+01        1.0000000000E+00
        2.6366692347E+01        1.0000000000E+00
        1.0871762360E+01        1.0000000000E+00
        4.4970953529E+00        1.0000000000E+00
        1.8613492379E+00        1.0000000000E+00
        7.6582766627E-01        1.0000000000E+00
        3.1456009833E-01        1.0000000000E+00
        1.3014919773E-01        1.0000000000E+00
        5.5096296457E-02        1.0000000000E+00
        2.6836407036E-02        1.0000000000E+00
        1.2503316269E+00        1.0000000000E+00
        3.4669122280E-01        1.0000000000E+00
        9.9887632267E-01        1.0000000000E+00
# SODIUM
#
# Primary Functions: (20s,11p,1d)
# Augmenting Functions: (20s,11p,1d)
gaussian
 11 32 32
 1 1 1 1 1 1 1 1 1 1 1 1 1 1 1 1 1 1 1 1 1 1 1 1 1 1 1 1 1 1 1 1 
 0 0 0 0 0 0 0 0 0 0 0 0 0 0 0 0 0 0 0 0 1 1 1 1 1 1 1 1 1 1 1 2 
        2.0299976908E+05        1.0000000000E+00
        8.9444583854E+04        1.0000000000E+00
        3.3297712598E+04        1.0000000000E+00
        1.2152045403E+04        1.0000000000E+00
        4.3940141101E+03        1.0000000000E+00
        1.5850646161E+03        1.0000000000E+00
        5.7163715705E+02        1.0000000000E+00
        2.0776162438E+02        1.0000000000E+00
        7.4718092648E+01        1.0000000000E+00
        2.7049113614E+01        1.0000000000E+00
        9.7451743129E+00        1.0000000000E+00
        3.5195123991E+00        1.0000000000E+00
        1.2740027477E+00        1.0000000000E+00
        4.6101753730E-01        1.0000000000E+00
        1.6541566970E-01        1.0000000000E+00
        5.9914806741E-02        1.0000000000E+00
        2.1678440481E-02        1.0000000000E+00
        7.8526657240E-03        1.0000000000E+00
        2.9314209517E-03        1.0000000000E+00
        1.2885058445E-03        1.0000000000E+00
        2.2407121427E+02        1.0000000000E+00
        1.1921598220E+02        1.0000000000E+00
        5.4451813558E+01        1.0000000000E+00
        2.4122210830E+01        1.0000000000E+00
        1.0617176896E+01        1.0000000000E+00
        4.6542128626E+00        1.0000000000E+00
        2.0601952605E+00        1.0000000000E+00
        9.0621590458E-01        1.0000000000E+00
        4.0157159756E-01        1.0000000000E+00
        1.8371477456E-01        1.0000000000E+00
        9.7252952753E-02        1.0000000000E+00
        7.1129667940E-01        1.0000000000E+00
# MAGNESIUM
#
# Primary Functions: (20s,11p,1d)
# Augmenting Functions: (20s,11p,1d)
gaussian
 12 32 32
 1 1 1 1 1 1 1 1 1 1 1 1 1 1 1 1 1 1 1 1 1 1 1 1 1 1 1 1 1 1 1 1 
 0 0 0 0 0 0 0 0 0 0 0 0 0 0 0 0 0 0 0 0 1 1 1 1 1 1 1 1 1 1 1 2 
        2.0299976908E+05        1.0000000000E+00
        8.9444583854E+04        1.0000000000E+00
        3.3297712598E+04        1.0000000000E+00
        1.2152045403E+04        1.0000000000E+00
        4.3940141101E+03        1.0000000000E+00
        1.5850646161E+03        1.0000000000E+00
        5.7163715705E+02        1.0000000000E+00
        2.0776162438E+02        1.0000000000E+00
        7.4718092648E+01        1.0000000000E+00
        2.7049113614E+01        1.0000000000E+00
        9.7451743129E+00        1.0000000000E+00
        3.5195123991E+00        1.0000000000E+00
        1.2740027477E+00        1.0000000000E+00
        4.6101753730E-01        1.0000000000E+00
        1.6541566970E-01        1.0000000000E+00
        5.9914806741E-02        1.0000000000E+00
        2.1678440481E-02        1.0000000000E+00
        7.8526657240E-03        1.0000000000E+00
        2.9314209517E-03        1.0000000000E+00
        1.2885058445E-03        1.0000000000E+00
        2.2407121427E+02        1.0000000000E+00
        1.1921598220E+02        1.0000000000E+00
        5.4451813558E+01        1.0000000000E+00
        2.4122210830E+01        1.0000000000E+00
        1.0617176896E+01        1.0000000000E+00
        4.6542128626E+00        1.0000000000E+00
        2.0601952605E+00        1.0000000000E+00
        9.0621590458E-01        1.0000000000E+00
        4.0157159756E-01        1.0000000000E+00
        1.8371477456E-01        1.0000000000E+00
        9.7252952753E-02        1.0000000000E+00
        7.1129667940E-01        1.0000000000E+00
# ALUMINUM
#
# Primary Functions: (19s,14p,3d,1f)
# Augmenting Functions: (19s,14p,3d,1f)
gaussian
 13 37 37
 1 1 1 1 1 1 1 1 1 1 1 1 1 1 1 1 1 1 1 1 1 1 1 1 1 1 1 1 1 1 1 1 1 1 1 1 1 
 0 0 0 0 0 0 0 0 0 0 0 0 0 0 0 0 0 0 0 1 1 1 1 1 1 1 1 1 1 1 1 1 1 2 2 2 3 
        5.1249031910E+05        1.0000000000E+00
        2.3818421096E+05        1.0000000000E+00
        9.2300434895E+04        1.0000000000E+00
        3.4808290331E+04        1.0000000000E+00
        1.3099367752E+04        1.0000000000E+00
        4.9528471409E+03        1.0000000000E+00
        1.8703483779E+03        1.0000000000E+00
        7.0365168888E+02        1.0000000000E+00
        2.6437896716E+02        1.0000000000E+00
        9.9195422614E+01        1.0000000000E+00
        3.7325861735E+01        1.0000000000E+00
        1.4042277305E+01        1.0000000000E+00
        5.2629834303E+00        1.0000000000E+00
        1.9725634453E+00        1.0000000000E+00
        7.4278810168E-01        1.0000000000E+00
        2.7922342698E-01        1.0000000000E+00
        1.0550637426E-01        1.0000000000E+00
        4.0741482786E-02        1.0000000000E+00
        1.8773012588E-02        1.0000000000E+00
        7.6089238531E+02        1.0000000000E+00
        3.8580793454E+02        1.0000000000E+00
        1.6832200083E+02        1.0000000000E+00
        7.1135944753E+01        1.0000000000E+00
        3.0438373689E+01        1.0000000000E+00
        1.2782204319E+01        1.0000000000E+00
        5.3842074392E+00        1.0000000000E+00
        2.2730832311E+00        1.0000000000E+00
        9.6031916112E-01        1.0000000000E+00
        4.0419665701E-01        1.0000000000E+00
        1.7069882003E-01        1.0000000000E+00
        7.2525406803E-02        1.0000000000E+00
        3.1575164540E-02        1.0000000000E+00
        1.5959508846E-02        1.0000000000E+00
        7.5326489680E-01        1.0000000000E+00
        4.3193135490E-01        1.0000000000E+00
        2.4297254269E-01        1.0000000000E+00
        3.1801046089E-01        1.0000000000E+00
# SILICON
#
# Primary Functions: (19s,14p,3d,1f)
# Augmenting Functions: (19s,14p,3d,1f)
gaussian
 14 37 37
 1 1 1 1 1 1 1 1 1 1 1 1 1 1 1 1 1 1 1 1 1 1 1 1 1 1 1 1 1 1 1 1 1 1 1 1 1 
 0 0 0 0 0 0 0 0 0 0 0 0 0 0 0 0 0 0 0 1 1 1 1 1 1 1 1 1 1 1 1 1 1 2 2 2 3 
        5.1249031910E+05        1.0000000000E+00
        2.3818421096E+05        1.0000000000E+00
        9.2300434895E+04        1.0000000000E+00
        3.4808290331E+04        1.0000000000E+00
        1.3099367752E+04        1.0000000000E+00
        4.9528471409E+03        1.0000000000E+00
        1.8703483779E+03        1.0000000000E+00
        7.0365168888E+02        1.0000000000E+00
        2.6437896716E+02        1.0000000000E+00
        9.9195422614E+01        1.0000000000E+00
        3.7325861735E+01        1.0000000000E+00
        1.4042277305E+01        1.0000000000E+00
        5.2629834303E+00        1.0000000000E+00
        1.9725634453E+00        1.0000000000E+00
        7.4278810168E-01        1.0000000000E+00
        2.7922342698E-01        1.0000000000E+00
        1.0550637426E-01        1.0000000000E+00
        4.0741482786E-02        1.0000000000E+00
        1.8773012588E-02        1.0000000000E+00
        7.6089238531E+02        1.0000000000E+00
        3.8580793454E+02        1.0000000000E+00
        1.6832200083E+02        1.0000000000E+00
        7.1135944753E+01        1.0000000000E+00
        3.0438373689E+01        1.0000000000E+00
        1.2782204319E+01        1.0000000000E+00
        5.3842074392E+00        1.0000000000E+00
        2.2730832311E+00        1.0000000000E+00
        9.6031916112E-01        1.0000000000E+00
        4.0419665701E-01        1.0000000000E+00
        1.7069882003E-01        1.0000000000E+00
        7.2525406803E-02        1.0000000000E+00
        3.1575164540E-02        1.0000000000E+00
        1.5959508846E-02        1.0000000000E+00
        7.5326489680E-01        1.0000000000E+00
        4.3193135490E-01        1.0000000000E+00
        2.4297254269E-01        1.0000000000E+00
        3.1801046089E-01        1.0000000000E+00
# PHOSPHOROUS
#
# Primary Functions: (19s,14p,3d,1f)
# Augmenting Functions: (19s,14p,3d,1f)
gaussian
 15 37 37
 1 1 1 1 1 1 1 1 1 1 1 1 1 1 1 1 1 1 1 1 1 1 1 1 1 1 1 1 1 1 1 1 1 1 1 1 1 
 0 0 0 0 0 0 0 0 0 0 0 0 0 0 0 0 0 0 0 1 1 1 1 1 1 1 1 1 1 1 1 1 1 2 2 2 3 
        5.1249031910E+05        1.0000000000E+00
        2.3818421096E+05        1.0000000000E+00
        9.2300434895E+04        1.0000000000E+00
        3.4808290331E+04        1.0000000000E+00
        1.3099367752E+04        1.0000000000E+00
        4.9528471409E+03        1.0000000000E+00
        1.8703483779E+03        1.0000000000E+00
        7.0365168888E+02        1.0000000000E+00
        2.6437896716E+02        1.0000000000E+00
        9.9195422614E+01        1.0000000000E+00
        3.7325861735E+01        1.0000000000E+00
        1.4042277305E+01        1.0000000000E+00
        5.2629834303E+00        1.0000000000E+00
        1.9725634453E+00        1.0000000000E+00
        7.4278810168E-01        1.0000000000E+00
        2.7922342698E-01        1.0000000000E+00
        1.0550637426E-01        1.0000000000E+00
        4.0741482786E-02        1.0000000000E+00
        1.8773012588E-02        1.0000000000E+00
        7.6089238531E+02        1.0000000000E+00
        3.8580793454E+02        1.0000000000E+00
        1.6832200083E+02        1.0000000000E+00
        7.1135944753E+01        1.0000000000E+00
        3.0438373689E+01        1.0000000000E+00
        1.2782204319E+01        1.0000000000E+00
        5.3842074392E+00        1.0000000000E+00
        2.2730832311E+00        1.0000000000E+00
        9.6031916112E-01        1.0000000000E+00
        4.0419665701E-01        1.0000000000E+00
        1.7069882003E-01        1.0000000000E+00
        7.2525406803E-02        1.0000000000E+00
        3.1575164540E-02        1.0000000000E+00
        1.5959508846E-02        1.0000000000E+00
        7.5326489680E-01        1.0000000000E+00
        4.3193135490E-01        1.0000000000E+00
        2.4297254269E-01        1.0000000000E+00
        3.1801046089E-01        1.0000000000E+00
# SULFUR
#
# Primary Functions: (19s,14p,3d,1f)
# Augmenting Functions: (19s,14p,3d,1f)
gaussian
 16 37 37
 1 1 1 1 1 1 1 1 1 1 1 1 1 1 1 1 1 1 1 1 1 1 1 1 1 1 1 1 1 1 1 1 1 1 1 1 1 
 0 0 0 0 0 0 0 0 0 0 0 0 0 0 0 0 0 0 0 1 1 1 1 1 1 1 1 1 1 1 1 1 1 2 2 2 3 
        5.1249031910E+05        1.0000000000E+00
        2.3818421096E+05        1.0000000000E+00
        9.2300434895E+04        1.0000000000E+00
        3.4808290331E+04        1.0000000000E+00
        1.3099367752E+04        1.0000000000E+00
        4.9528471409E+03        1.0000000000E+00
        1.8703483779E+03        1.0000000000E+00
        7.0365168888E+02        1.0000000000E+00
        2.6437896716E+02        1.0000000000E+00
        9.9195422614E+01        1.0000000000E+00
        3.7325861735E+01        1.0000000000E+00
        1.4042277305E+01        1.0000000000E+00
        5.2629834303E+00        1.0000000000E+00
        1.9725634453E+00        1.0000000000E+00
        7.4278810168E-01        1.0000000000E+00
        2.7922342698E-01        1.0000000000E+00
        1.0550637426E-01        1.0000000000E+00
        4.0741482786E-02        1.0000000000E+00
        1.8773012588E-02        1.0000000000E+00
        7.6089238531E+02        1.0000000000E+00
        3.8580793454E+02        1.0000000000E+00
        1.6832200083E+02        1.0000000000E+00
        7.1135944753E+01        1.0000000000E+00
        3.0438373689E+01        1.0000000000E+00
        1.2782204319E+01        1.0000000000E+00
        5.3842074392E+00        1.0000000000E+00
        2.2730832311E+00        1.0000000000E+00
        9.6031916112E-01        1.0000000000E+00
        4.0419665701E-01        1.0000000000E+00
        1.7069882003E-01        1.0000000000E+00
        7.2525406803E-02        1.0000000000E+00
        3.1575164540E-02        1.0000000000E+00
        1.5959508846E-02        1.0000000000E+00
        7.5326489680E-01        1.0000000000E+00
        4.3193135490E-01        1.0000000000E+00
        2.4297254269E-01        1.0000000000E+00
        3.1801046089E-01        1.0000000000E+00
# CHLORINE
#
# Primary Functions: (19s,14p,3d,1f)
# Augmenting Functions: (19s,14p,3d,1f)
gaussian
 17 37 37
 1 1 1 1 1 1 1 1 1 1 1 1 1 1 1 1 1 1 1 1 1 1 1 1 1 1 1 1 1 1 1 1 1 1 1 1 1 
 0 0 0 0 0 0 0 0 0 0 0 0 0 0 0 0 0 0 0 1 1 1 1 1 1 1 1 1 1 1 1 1 1 2 2 2 3 
        5.1249031910E+05        1.0000000000E+00
        2.3818421096E+05        1.0000000000E+00
        9.2300434895E+04        1.0000000000E+00
        3.4808290331E+04        1.0000000000E+00
        1.3099367752E+04        1.0000000000E+00
        4.9528471409E+03        1.0000000000E+00
        1.8703483779E+03        1.0000000000E+00
        7.0365168888E+02        1.0000000000E+00
        2.6437896716E+02        1.0000000000E+00
        9.9195422614E+01        1.0000000000E+00
        3.7325861735E+01        1.0000000000E+00
        1.4042277305E+01        1.0000000000E+00
        5.2629834303E+00        1.0000000000E+00
        1.9725634453E+00        1.0000000000E+00
        7.4278810168E-01        1.0000000000E+00
        2.7922342698E-01        1.0000000000E+00
        1.0550637426E-01        1.0000000000E+00
        4.0741482786E-02        1.0000000000E+00
        1.8773012588E-02        1.0000000000E+00
        7.6089238531E+02        1.0000000000E+00
        3.8580793454E+02        1.0000000000E+00
        1.6832200083E+02        1.0000000000E+00
        7.1135944753E+01        1.0000000000E+00
        3.0438373689E+01        1.0000000000E+00
        1.2782204319E+01        1.0000000000E+00
        5.3842074392E+00        1.0000000000E+00
        2.2730832311E+00        1.0000000000E+00
        9.6031916112E-01        1.0000000000E+00
        4.0419665701E-01        1.0000000000E+00
        1.7069882003E-01        1.0000000000E+00
        7.2525406803E-02        1.0000000000E+00
        3.1575164540E-02        1.0000000000E+00
        1.5959508846E-02        1.0000000000E+00
        7.5326489680E-01        1.0000000000E+00
        4.3193135490E-01        1.0000000000E+00
        2.4297254269E-01        1.0000000000E+00
        3.1801046089E-01        1.0000000000E+00
# ARGON
#
# Primary Functions: (19s,14p,3d,1f)
# Augmenting Functions: (19s,14p,3d,1f)
gaussian
 18 37 37
 1 1 1 1 1 1 1 1 1 1 1 1 1 1 1 1 1 1 1 1 1 1 1 1 1 1 1 1 1 1 1 1 1 1 1 1 1 
 0 0 0 0 0 0 0 0 0 0 0 0 0 0 0 0 0 0 0 1 1 1 1 1 1 1 1 1 1 1 1 1 1 2 2 2 3 
        5.1249031910E+05        1.0000000000E+00
        2.3818421096E+05        1.0000000000E+00
        9.2300434895E+04        1.0000000000E+00
        3.4808290331E+04        1.0000000000E+00
        1.3099367752E+04        1.0000000000E+00
        4.9528471409E+03        1.0000000000E+00
        1.8703483779E+03        1.0000000000E+00
        7.0365168888E+02        1.0000000000E+00
        2.6437896716E+02        1.0000000000E+00
        9.9195422614E+01        1.0000000000E+00
        3.7325861735E+01        1.0000000000E+00
        1.4042277305E+01        1.0000000000E+00
        5.2629834303E+00        1.0000000000E+00
        1.9725634453E+00        1.0000000000E+00
        7.4278810168E-01        1.0000000000E+00
        2.7922342698E-01        1.0000000000E+00
        1.0550637426E-01        1.0000000000E+00
        4.0741482786E-02        1.0000000000E+00
        1.8773012588E-02        1.0000000000E+00
        7.6089238531E+02        1.0000000000E+00
        3.8580793454E+02        1.0000000000E+00
        1.6832200083E+02        1.0000000000E+00
        7.1135944753E+01        1.0000000000E+00
        3.0438373689E+01        1.0000000000E+00
        1.2782204319E+01        1.0000000000E+00
        5.3842074392E+00        1.0000000000E+00
        2.2730832311E+00        1.0000000000E+00
        9.6031916112E-01        1.0000000000E+00
        4.0419665701E-01        1.0000000000E+00
        1.7069882003E-01        1.0000000000E+00
        7.2525406803E-02        1.0000000000E+00
        3.1575164540E-02        1.0000000000E+00
        1.5959508846E-02        1.0000000000E+00
        7.5326489680E-01        1.0000000000E+00
        4.3193135490E-01        1.0000000000E+00
        2.4297254269E-01        1.0000000000E+00
        3.1801046089E-01        1.0000000000E+00
endbasis
