#  coemd-ref  EMSL  Basis Set Exchange Library  3/20/15 9:40 PM
# Elements                             References
# --------                             ----------
# H He Li Be B C N O F Ne Na Mg Al Si P S Cl Ar: J. Lehtola, P. Manninen, M. Hakala and K. Hämäläinen, Completeness-optimized basis sets. Application to ground-state electron momentum densities, J. Chem. Phys. 137, 104105 (2012).
# 




# This basis set uses spherical components
# HYDROGEN
#
# Primary Functions: (17s,5p,1d)
# Augmenting Functions: (17s,5p,1d)
gaussian
 1 23 23
 1 1 1 1 1 1 1 1 1 1 1 1 1 1 1 1 1 1 1 1 1 1 1 
 0 0 0 0 0 0 0 0 0 0 0 0 0 0 0 0 0 1 1 1 1 1 2 
        7.2133178967E+03        1.0000000000E+00
        3.7392158142E+03        1.0000000000E+00
        1.6182918091E+03        1.0000000000E+00
        6.8024380232E+02        1.0000000000E+00
        2.8186347004E+02        1.0000000000E+00
        1.1708264448E+02        1.0000000000E+00
        4.8127702398E+01        1.0000000000E+00
        1.9939284125E+01        1.0000000000E+00
        8.1927758613E+00        1.0000000000E+00
        3.3871337688E+00        1.0000000000E+00
        1.3867553486E+00        1.0000000000E+00
        5.7234113989E-01        1.0000000000E+00
        2.3525092871E-01        1.0000000000E+00
        9.6118391002E-02        1.0000000000E+00
        3.9882087789E-02        1.0000000000E+00
        1.7078143083E-02        1.0000000000E+00
        8.7272730096E-03        1.0000000000E+00
        3.2154329461E+00        1.0000000000E+00
        1.8806445836E+00        1.0000000000E+00
        9.5381664248E-01        1.0000000000E+00
        4.7975023162E-01        1.0000000000E+00
        2.7952880141E-01        1.0000000000E+00
        2.6926244266E+00        1.0000000000E+00
# HELIUM
#
# Primary Functions: (17s,5p,1d)
# Augmenting Functions: (17s,5p,1d)
gaussian
 2 23 23
 1 1 1 1 1 1 1 1 1 1 1 1 1 1 1 1 1 1 1 1 1 1 1 
 0 0 0 0 0 0 0 0 0 0 0 0 0 0 0 0 0 1 1 1 1 1 2 
        7.2133178967E+03        1.0000000000E+00
        3.7392158142E+03        1.0000000000E+00
        1.6182918091E+03        1.0000000000E+00
        6.8024380232E+02        1.0000000000E+00
        2.8186347004E+02        1.0000000000E+00
        1.1708264448E+02        1.0000000000E+00
        4.8127702398E+01        1.0000000000E+00
        1.9939284125E+01        1.0000000000E+00
        8.1927758613E+00        1.0000000000E+00
        3.3871337688E+00        1.0000000000E+00
        1.3867553486E+00        1.0000000000E+00
        5.7234113989E-01        1.0000000000E+00
        2.3525092871E-01        1.0000000000E+00
        9.6118391002E-02        1.0000000000E+00
        3.9882087789E-02        1.0000000000E+00
        1.7078143083E-02        1.0000000000E+00
        8.7272730096E-03        1.0000000000E+00
        3.2154329461E+00        1.0000000000E+00
        1.8806445836E+00        1.0000000000E+00
        9.5381664248E-01        1.0000000000E+00
        4.7975023162E-01        1.0000000000E+00
        2.7952880141E-01        1.0000000000E+00
        2.6926244266E+00        1.0000000000E+00
# LITHIUM
#
# Primary Functions: (20s,9p,2d)
# Augmenting Functions: (20s,9p,2d)
gaussian
 3 31 31
 1 1 1 1 1 1 1 1 1 1 1 1 1 1 1 1 1 1 1 1 1 1 1 1 1 1 1 1 1 1 1 
 0 0 0 0 0 0 0 0 0 0 0 0 0 0 0 0 0 0 0 0 1 1 1 1 1 1 1 1 1 2 2 
        1.6984682499E+04        1.0000000000E+00
        8.6957793653E+03        1.0000000000E+00
        3.7574115634E+03        1.0000000000E+00
        1.5635943988E+03        1.0000000000E+00
        6.4842239492E+02        1.0000000000E+00
        2.6544165006E+02        1.0000000000E+00
        1.0954435761E+02        1.0000000000E+00
        4.5146075778E+01        1.0000000000E+00
        1.8622155578E+01        1.0000000000E+00
        7.6487983507E+00        1.0000000000E+00
        3.1544414837E+00        1.0000000000E+00
        1.3002429057E+00        1.0000000000E+00
        5.3319146758E-01        1.0000000000E+00
        2.1946573099E-01        1.0000000000E+00
        9.0946144209E-02        1.0000000000E+00
        3.7130783122E-02        1.0000000000E+00
        1.5305839266E-02        1.0000000000E+00
        6.3948744245E-03        1.0000000000E+00
        2.7391013688E-03        1.0000000000E+00
        1.4016920015E-03        1.0000000000E+00
        3.5377175784E+00        1.0000000000E+00
        2.3214559445E+00        1.0000000000E+00
        1.2810930115E+00        1.0000000000E+00
        6.8713686372E-01        1.0000000000E+00
        3.5496192651E-01        1.0000000000E+00
        1.8934914707E-01        1.0000000000E+00
        1.0000047762E-01        1.0000000000E+00
        5.5354959856E-02        1.0000000000E+00
        3.5639300602E-02        1.0000000000E+00
        2.0915352251E-01        1.0000000000E+00
        1.6076130619E-01        1.0000000000E+00
# BERYLLIUM
#
# Primary Functions: (20s,9p,2d)
# Augmenting Functions: (20s,9p,2d)
gaussian
 4 31 31
 1 1 1 1 1 1 1 1 1 1 1 1 1 1 1 1 1 1 1 1 1 1 1 1 1 1 1 1 1 1 1 
 0 0 0 0 0 0 0 0 0 0 0 0 0 0 0 0 0 0 0 0 1 1 1 1 1 1 1 1 1 2 2 
        1.6984682499E+04        1.0000000000E+00
        8.6957793653E+03        1.0000000000E+00
        3.7574115634E+03        1.0000000000E+00
        1.5635943988E+03        1.0000000000E+00
        6.4842239492E+02        1.0000000000E+00
        2.6544165006E+02        1.0000000000E+00
        1.0954435761E+02        1.0000000000E+00
        4.5146075778E+01        1.0000000000E+00
        1.8622155578E+01        1.0000000000E+00
        7.6487983507E+00        1.0000000000E+00
        3.1544414837E+00        1.0000000000E+00
        1.3002429057E+00        1.0000000000E+00
        5.3319146758E-01        1.0000000000E+00
        2.1946573099E-01        1.0000000000E+00
        9.0946144209E-02        1.0000000000E+00
        3.7130783122E-02        1.0000000000E+00
        1.5305839266E-02        1.0000000000E+00
        6.3948744245E-03        1.0000000000E+00
        2.7391013688E-03        1.0000000000E+00
        1.4016920015E-03        1.0000000000E+00
        3.5377175784E+00        1.0000000000E+00
        2.3214559445E+00        1.0000000000E+00
        1.2810930115E+00        1.0000000000E+00
        6.8713686372E-01        1.0000000000E+00
        3.5496192651E-01        1.0000000000E+00
        1.8934914707E-01        1.0000000000E+00
        1.0000047762E-01        1.0000000000E+00
        5.5354959856E-02        1.0000000000E+00
        3.5639300602E-02        1.0000000000E+00
        2.0915352251E-01        1.0000000000E+00
        1.6076130619E-01        1.0000000000E+00
# BORON
#
# Primary Functions: (20s,13p,5d,1f)
# Augmenting Functions: (20s,13p,5d,1f)
gaussian
 5 39 39
 1 1 1 1 1 1 1 1 1 1 1 1 1 1 1 1 1 1 1 1 1 1 1 1 1 1 1 1 1 1 1 1 1 1 1 1 1 1 1 
 0 0 0 0 0 0 0 0 0 0 0 0 0 0 0 0 0 0 0 0 1 1 1 1 1 1 1 1 1 1 1 1 1 2 2 2 2 2 3 
        1.3346578122E+05        1.0000000000E+00
        6.8331509071E+04        1.0000000000E+00
        2.9525772394E+04        1.0000000000E+00
        1.2286738239E+04        1.0000000000E+00
        5.0953087583E+03        1.0000000000E+00
        2.0858427700E+03        1.0000000000E+00
        8.6080050459E+02        1.0000000000E+00
        3.5475825190E+02        1.0000000000E+00
        1.4633305876E+02        1.0000000000E+00
        6.0104323250E+01        1.0000000000E+00
        2.4787628320E+01        1.0000000000E+00
        1.0217319940E+01        1.0000000000E+00
        4.1898231399E+00        1.0000000000E+00
        1.7245636024E+00        1.0000000000E+00
        7.1465558370E-01        1.0000000000E+00
        2.9177401325E-01        1.0000000000E+00
        1.2027341664E-01        1.0000000000E+00
        5.0250978249E-02        1.0000000000E+00
        2.1523882123E-02        1.0000000000E+00
        1.1014507808E-02        1.0000000000E+00
        1.3299848514E+02        1.0000000000E+00
        7.6295792113E+01        1.0000000000E+00
        3.7407110944E+01        1.0000000000E+00
        1.7660699848E+01        1.0000000000E+00
        8.3047341200E+00        1.0000000000E+00
        3.9176438988E+00        1.0000000000E+00
        1.8383121761E+00        1.0000000000E+00
        8.6234896618E-01        1.0000000000E+00
        4.0474894833E-01        1.0000000000E+00
        1.9044106841E-01        1.0000000000E+00
        9.0092707505E-02        1.0000000000E+00
        4.4345552934E-02        1.0000000000E+00
        2.5284764498E-02        1.0000000000E+00
        1.9458755977E+00        1.0000000000E+00
        1.2115674561E+00        1.0000000000E+00
        6.6514511379E-01        1.0000000000E+00
        3.6216741606E-01        1.0000000000E+00
        2.2471990019E-01        1.0000000000E+00
        9.9887632267E-01        1.0000000000E+00
# CARBON
#
# Primary Functions: (20s,13p,5d,1f)
# Augmenting Functions: (20s,13p,5d,1f)
gaussian
 6 39 39
 1 1 1 1 1 1 1 1 1 1 1 1 1 1 1 1 1 1 1 1 1 1 1 1 1 1 1 1 1 1 1 1 1 1 1 1 1 1 1 
 0 0 0 0 0 0 0 0 0 0 0 0 0 0 0 0 0 0 0 0 1 1 1 1 1 1 1 1 1 1 1 1 1 2 2 2 2 2 3 
        1.3346578122E+05        1.0000000000E+00
        6.8331509071E+04        1.0000000000E+00
        2.9525772394E+04        1.0000000000E+00
        1.2286738239E+04        1.0000000000E+00
        5.0953087583E+03        1.0000000000E+00
        2.0858427700E+03        1.0000000000E+00
        8.6080050459E+02        1.0000000000E+00
        3.5475825190E+02        1.0000000000E+00
        1.4633305876E+02        1.0000000000E+00
        6.0104323250E+01        1.0000000000E+00
        2.4787628320E+01        1.0000000000E+00
        1.0217319940E+01        1.0000000000E+00
        4.1898231399E+00        1.0000000000E+00
        1.7245636024E+00        1.0000000000E+00
        7.1465558370E-01        1.0000000000E+00
        2.9177401325E-01        1.0000000000E+00
        1.2027341664E-01        1.0000000000E+00
        5.0250978249E-02        1.0000000000E+00
        2.1523882123E-02        1.0000000000E+00
        1.1014507808E-02        1.0000000000E+00
        1.3299848514E+02        1.0000000000E+00
        7.6295792113E+01        1.0000000000E+00
        3.7407110944E+01        1.0000000000E+00
        1.7660699848E+01        1.0000000000E+00
        8.3047341200E+00        1.0000000000E+00
        3.9176438988E+00        1.0000000000E+00
        1.8383121761E+00        1.0000000000E+00
        8.6234896618E-01        1.0000000000E+00
        4.0474894833E-01        1.0000000000E+00
        1.9044106841E-01        1.0000000000E+00
        9.0092707505E-02        1.0000000000E+00
        4.4345552934E-02        1.0000000000E+00
        2.5284764498E-02        1.0000000000E+00
        1.9458755977E+00        1.0000000000E+00
        1.2115674561E+00        1.0000000000E+00
        6.6514511379E-01        1.0000000000E+00
        3.6216741606E-01        1.0000000000E+00
        2.2471990019E-01        1.0000000000E+00
        9.9887632267E-01        1.0000000000E+00
# NITROGEN
#
# Primary Functions: (20s,13p,5d,1f)
# Augmenting Functions: (20s,13p,5d,1f)
gaussian
 7 39 39
 1 1 1 1 1 1 1 1 1 1 1 1 1 1 1 1 1 1 1 1 1 1 1 1 1 1 1 1 1 1 1 1 1 1 1 1 1 1 1 
 0 0 0 0 0 0 0 0 0 0 0 0 0 0 0 0 0 0 0 0 1 1 1 1 1 1 1 1 1 1 1 1 1 2 2 2 2 2 3 
        1.3346578122E+05        1.0000000000E+00
        6.8331509071E+04        1.0000000000E+00
        2.9525772394E+04        1.0000000000E+00
        1.2286738239E+04        1.0000000000E+00
        5.0953087583E+03        1.0000000000E+00
        2.0858427700E+03        1.0000000000E+00
        8.6080050459E+02        1.0000000000E+00
        3.5475825190E+02        1.0000000000E+00
        1.4633305876E+02        1.0000000000E+00
        6.0104323250E+01        1.0000000000E+00
        2.4787628320E+01        1.0000000000E+00
        1.0217319940E+01        1.0000000000E+00
        4.1898231399E+00        1.0000000000E+00
        1.7245636024E+00        1.0000000000E+00
        7.1465558370E-01        1.0000000000E+00
        2.9177401325E-01        1.0000000000E+00
        1.2027341664E-01        1.0000000000E+00
        5.0250978249E-02        1.0000000000E+00
        2.1523882123E-02        1.0000000000E+00
        1.1014507808E-02        1.0000000000E+00
        1.3299848514E+02        1.0000000000E+00
        7.6295792113E+01        1.0000000000E+00
        3.7407110944E+01        1.0000000000E+00
        1.7660699848E+01        1.0000000000E+00
        8.3047341200E+00        1.0000000000E+00
        3.9176438988E+00        1.0000000000E+00
        1.8383121761E+00        1.0000000000E+00
        8.6234896618E-01        1.0000000000E+00
        4.0474894833E-01        1.0000000000E+00
        1.9044106841E-01        1.0000000000E+00
        9.0092707505E-02        1.0000000000E+00
        4.4345552934E-02        1.0000000000E+00
        2.5284764498E-02        1.0000000000E+00
        1.9458755977E+00        1.0000000000E+00
        1.2115674561E+00        1.0000000000E+00
        6.6514511379E-01        1.0000000000E+00
        3.6216741606E-01        1.0000000000E+00
        2.2471990019E-01        1.0000000000E+00
        9.9887632267E-01        1.0000000000E+00
# OXYGEN
#
# Primary Functions: (20s,13p,5d,1f)
# Augmenting Functions: (20s,13p,5d,1f)
gaussian
 8 39 39
 1 1 1 1 1 1 1 1 1 1 1 1 1 1 1 1 1 1 1 1 1 1 1 1 1 1 1 1 1 1 1 1 1 1 1 1 1 1 1 
 0 0 0 0 0 0 0 0 0 0 0 0 0 0 0 0 0 0 0 0 1 1 1 1 1 1 1 1 1 1 1 1 1 2 2 2 2 2 3 
        1.3346578122E+05        1.0000000000E+00
        6.8331509071E+04        1.0000000000E+00
        2.9525772394E+04        1.0000000000E+00
        1.2286738239E+04        1.0000000000E+00
        5.0953087583E+03        1.0000000000E+00
        2.0858427700E+03        1.0000000000E+00
        8.6080050459E+02        1.0000000000E+00
        3.5475825190E+02        1.0000000000E+00
        1.4633305876E+02        1.0000000000E+00
        6.0104323250E+01        1.0000000000E+00
        2.4787628320E+01        1.0000000000E+00
        1.0217319940E+01        1.0000000000E+00
        4.1898231399E+00        1.0000000000E+00
        1.7245636024E+00        1.0000000000E+00
        7.1465558370E-01        1.0000000000E+00
        2.9177401325E-01        1.0000000000E+00
        1.2027341664E-01        1.0000000000E+00
        5.0250978249E-02        1.0000000000E+00
        2.1523882123E-02        1.0000000000E+00
        1.1014507808E-02        1.0000000000E+00
        1.3299848514E+02        1.0000000000E+00
        7.6295792113E+01        1.0000000000E+00
        3.7407110944E+01        1.0000000000E+00
        1.7660699848E+01        1.0000000000E+00
        8.3047341200E+00        1.0000000000E+00
        3.9176438988E+00        1.0000000000E+00
        1.8383121761E+00        1.0000000000E+00
        8.6234896618E-01        1.0000000000E+00
        4.0474894833E-01        1.0000000000E+00
        1.9044106841E-01        1.0000000000E+00
        9.0092707505E-02        1.0000000000E+00
        4.4345552934E-02        1.0000000000E+00
        2.5284764498E-02        1.0000000000E+00
        1.9458755977E+00        1.0000000000E+00
        1.2115674561E+00        1.0000000000E+00
        6.6514511379E-01        1.0000000000E+00
        3.6216741606E-01        1.0000000000E+00
        2.2471990019E-01        1.0000000000E+00
        9.9887632267E-01        1.0000000000E+00
# FLUORINE
#
# Primary Functions: (20s,13p,5d,1f)
# Augmenting Functions: (20s,13p,5d,1f)
gaussian
 9 39 39
 1 1 1 1 1 1 1 1 1 1 1 1 1 1 1 1 1 1 1 1 1 1 1 1 1 1 1 1 1 1 1 1 1 1 1 1 1 1 1 
 0 0 0 0 0 0 0 0 0 0 0 0 0 0 0 0 0 0 0 0 1 1 1 1 1 1 1 1 1 1 1 1 1 2 2 2 2 2 3 
        1.3346578122E+05        1.0000000000E+00
        6.8331509071E+04        1.0000000000E+00
        2.9525772394E+04        1.0000000000E+00
        1.2286738239E+04        1.0000000000E+00
        5.0953087583E+03        1.0000000000E+00
        2.0858427700E+03        1.0000000000E+00
        8.6080050459E+02        1.0000000000E+00
        3.5475825190E+02        1.0000000000E+00
        1.4633305876E+02        1.0000000000E+00
        6.0104323250E+01        1.0000000000E+00
        2.4787628320E+01        1.0000000000E+00
        1.0217319940E+01        1.0000000000E+00
        4.1898231399E+00        1.0000000000E+00
        1.7245636024E+00        1.0000000000E+00
        7.1465558370E-01        1.0000000000E+00
        2.9177401325E-01        1.0000000000E+00
        1.2027341664E-01        1.0000000000E+00
        5.0250978249E-02        1.0000000000E+00
        2.1523882123E-02        1.0000000000E+00
        1.1014507808E-02        1.0000000000E+00
        1.3299848514E+02        1.0000000000E+00
        7.6295792113E+01        1.0000000000E+00
        3.7407110944E+01        1.0000000000E+00
        1.7660699848E+01        1.0000000000E+00
        8.3047341200E+00        1.0000000000E+00
        3.9176438988E+00        1.0000000000E+00
        1.8383121761E+00        1.0000000000E+00
        8.6234896618E-01        1.0000000000E+00
        4.0474894833E-01        1.0000000000E+00
        1.9044106841E-01        1.0000000000E+00
        9.0092707505E-02        1.0000000000E+00
        4.4345552934E-02        1.0000000000E+00
        2.5284764498E-02        1.0000000000E+00
        1.9458755977E+00        1.0000000000E+00
        1.2115674561E+00        1.0000000000E+00
        6.6514511379E-01        1.0000000000E+00
        3.6216741606E-01        1.0000000000E+00
        2.2471990019E-01        1.0000000000E+00
        9.9887632267E-01        1.0000000000E+00
# NEON
#
# Primary Functions: (20s,13p,5d,1f)
# Augmenting Functions: (20s,13p,5d,1f)
gaussian
 10 39 39
 1 1 1 1 1 1 1 1 1 1 1 1 1 1 1 1 1 1 1 1 1 1 1 1 1 1 1 1 1 1 1 1 1 1 1 1 1 1 1 
 0 0 0 0 0 0 0 0 0 0 0 0 0 0 0 0 0 0 0 0 1 1 1 1 1 1 1 1 1 1 1 1 1 2 2 2 2 2 3 
        1.3346578122E+05        1.0000000000E+00
        6.8331509071E+04        1.0000000000E+00
        2.9525772394E+04        1.0000000000E+00
        1.2286738239E+04        1.0000000000E+00
        5.0953087583E+03        1.0000000000E+00
        2.0858427700E+03        1.0000000000E+00
        8.6080050459E+02        1.0000000000E+00
        3.5475825190E+02        1.0000000000E+00
        1.4633305876E+02        1.0000000000E+00
        6.0104323250E+01        1.0000000000E+00
        2.4787628320E+01        1.0000000000E+00
        1.0217319940E+01        1.0000000000E+00
        4.1898231399E+00        1.0000000000E+00
        1.7245636024E+00        1.0000000000E+00
        7.1465558370E-01        1.0000000000E+00
        2.9177401325E-01        1.0000000000E+00
        1.2027341664E-01        1.0000000000E+00
        5.0250978249E-02        1.0000000000E+00
        2.1523882123E-02        1.0000000000E+00
        1.1014507808E-02        1.0000000000E+00
        1.3299848514E+02        1.0000000000E+00
        7.6295792113E+01        1.0000000000E+00
        3.7407110944E+01        1.0000000000E+00
        1.7660699848E+01        1.0000000000E+00
        8.3047341200E+00        1.0000000000E+00
        3.9176438988E+00        1.0000000000E+00
        1.8383121761E+00        1.0000000000E+00
        8.6234896618E-01        1.0000000000E+00
        4.0474894833E-01        1.0000000000E+00
        1.9044106841E-01        1.0000000000E+00
        9.0092707505E-02        1.0000000000E+00
        4.4345552934E-02        1.0000000000E+00
        2.5284764498E-02        1.0000000000E+00
        1.9458755977E+00        1.0000000000E+00
        1.2115674561E+00        1.0000000000E+00
        6.6514511379E-01        1.0000000000E+00
        3.6216741606E-01        1.0000000000E+00
        2.2471990019E-01        1.0000000000E+00
        9.9887632267E-01        1.0000000000E+00
# SODIUM
#
# Primary Functions: (23s,12p,1d)
# Augmenting Functions: (23s,12p,1d)
gaussian
 11 36 36
 1 1 1 1 1 1 1 1 1 1 1 1 1 1 1 1 1 1 1 1 1 1 1 1 1 1 1 1 1 1 1 1 1 1 1 1 
 0 0 0 0 0 0 0 0 0 0 0 0 0 0 0 0 0 0 0 0 0 0 0 1 1 1 1 1 1 1 1 1 1 1 1 2 
        2.1487380708E+05        1.0000000000E+00
        1.1002072688E+05        1.0000000000E+00
        4.7319922596E+04        1.0000000000E+00
        1.9712548359E+04        1.0000000000E+00
        8.1381160203E+03        1.0000000000E+00
        3.3461357813E+03        1.0000000000E+00
        1.3821554469E+03        1.0000000000E+00
        5.6507826781E+02        1.0000000000E+00
        2.3319996925E+02        1.0000000000E+00
        9.6291250622E+01        1.0000000000E+00
        3.9418484693E+01        1.0000000000E+00
        1.6239063676E+01        1.0000000000E+00
        6.6956008684E+00        1.0000000000E+00
        2.7493500866E+00        1.0000000000E+00
        1.1278617241E+00        1.0000000000E+00
        4.6485238715E-01        1.0000000000E+00
        1.9123888377E-01        1.0000000000E+00
        7.8738040151E-02        1.0000000000E+00
        3.2395088707E-02        1.0000000000E+00
        1.3343372401E-02        1.0000000000E+00
        5.5407397564E-03        1.0000000000E+00
        2.3732391594E-03        1.0000000000E+00
        1.2204845103E-03        1.0000000000E+00
        2.3139182697E+02        1.0000000000E+00
        1.3216681183E+02        1.0000000000E+00
        6.5042971194E+01        1.0000000000E+00
        3.0696592610E+01        1.0000000000E+00
        1.4475668447E+01        1.0000000000E+00
        6.7921039596E+00        1.0000000000E+00
        3.2317826453E+00        1.0000000000E+00
        1.5079824845E+00        1.0000000000E+00
        7.1611608020E-01        1.0000000000E+00
        3.3822956458E-01        1.0000000000E+00
        1.6619543084E-01        1.0000000000E+00
        9.4825071785E-02        1.0000000000E+00
        7.1129667940E-01        1.0000000000E+00
# MAGNESIUM
#
# Primary Functions: (23s,12p,1d)
# Augmenting Functions: (23s,12p,1d)
gaussian
 12 36 36
 1 1 1 1 1 1 1 1 1 1 1 1 1 1 1 1 1 1 1 1 1 1 1 1 1 1 1 1 1 1 1 1 1 1 1 1 
 0 0 0 0 0 0 0 0 0 0 0 0 0 0 0 0 0 0 0 0 0 0 0 1 1 1 1 1 1 1 1 1 1 1 1 2 
        2.1487380708E+05        1.0000000000E+00
        1.1002072688E+05        1.0000000000E+00
        4.7319922596E+04        1.0000000000E+00
        1.9712548359E+04        1.0000000000E+00
        8.1381160203E+03        1.0000000000E+00
        3.3461357813E+03        1.0000000000E+00
        1.3821554469E+03        1.0000000000E+00
        5.6507826781E+02        1.0000000000E+00
        2.3319996925E+02        1.0000000000E+00
        9.6291250622E+01        1.0000000000E+00
        3.9418484693E+01        1.0000000000E+00
        1.6239063676E+01        1.0000000000E+00
        6.6956008684E+00        1.0000000000E+00
        2.7493500866E+00        1.0000000000E+00
        1.1278617241E+00        1.0000000000E+00
        4.6485238715E-01        1.0000000000E+00
        1.9123888377E-01        1.0000000000E+00
        7.8738040151E-02        1.0000000000E+00
        3.2395088707E-02        1.0000000000E+00
        1.3343372401E-02        1.0000000000E+00
        5.5407397564E-03        1.0000000000E+00
        2.3732391594E-03        1.0000000000E+00
        1.2204845103E-03        1.0000000000E+00
        2.3139182697E+02        1.0000000000E+00
        1.3216681183E+02        1.0000000000E+00
        6.5042971194E+01        1.0000000000E+00
        3.0696592610E+01        1.0000000000E+00
        1.4475668447E+01        1.0000000000E+00
        6.7921039596E+00        1.0000000000E+00
        3.2317826453E+00        1.0000000000E+00
        1.5079824845E+00        1.0000000000E+00
        7.1611608020E-01        1.0000000000E+00
        3.3822956458E-01        1.0000000000E+00
        1.6619543084E-01        1.0000000000E+00
        9.4825071785E-02        1.0000000000E+00
        7.1129667940E-01        1.0000000000E+00
# ALUMINUM
#
# Primary Functions: (21s,16p,7d,1f)
# Augmenting Functions: (21s,16p,7d,1f)
gaussian
 13 45 45
 1 1 1 1 1 1 1 1 1 1 1 1 1 1 1 1 1 1 1 1 1 1 1 1 1 1 1 1 1 1 1 1 1 1 1 1 1 1 1 1 1 1 1 1 1 
 0 0 0 0 0 0 0 0 0 0 0 0 0 0 0 0 0 0 0 0 0 1 1 1 1 1 1 1 1 1 1 1 1 1 1 1 1 2 2 2 2 2 2 2 3 
        5.3518957282E+05        1.0000000000E+00
        2.7844618441E+05        1.0000000000E+00
        1.2119141543E+05        1.0000000000E+00
        5.0704274156E+04        1.0000000000E+00
        2.0930558612E+04        1.0000000000E+00
        8.6981704291E+03        1.0000000000E+00
        3.5966950540E+03        1.0000000000E+00
        1.4855704341E+03        1.0000000000E+00
        6.1261250936E+02        1.0000000000E+00
        2.5291240899E+02        1.0000000000E+00
        1.0447031757E+02        1.0000000000E+00
        4.2643130521E+01        1.0000000000E+00
        1.7539275710E+01        1.0000000000E+00
        7.1938590076E+00        1.0000000000E+00
        2.9426794211E+00        1.0000000000E+00
        1.2094150102E+00        1.0000000000E+00
        4.9606747260E-01        1.0000000000E+00
        2.0339427988E-01        1.0000000000E+00
        8.3869085348E-02        1.0000000000E+00
        3.5749612588E-02        1.0000000000E+00
        1.8101255263E-02        1.0000000000E+00
        7.9959071678E+02        1.0000000000E+00
        4.5823789292E+02        1.0000000000E+00
        2.2408333229E+02        1.0000000000E+00
        1.0688927868E+02        1.0000000000E+00
        5.0237689305E+01        1.0000000000E+00
        2.3533456957E+01        1.0000000000E+00
        1.1066122779E+01        1.0000000000E+00
        5.1934924928E+00        1.0000000000E+00
        2.4330961329E+00        1.0000000000E+00
        1.1473124976E+00        1.0000000000E+00
        5.3388373510E-01        1.0000000000E+00
        2.5143459581E-01        1.0000000000E+00
        1.1616432441E-01        1.0000000000E+00
        5.4974985846E-02        1.0000000000E+00
        2.6880051588E-02        1.0000000000E+00
        1.5260745360E-02        1.0000000000E+00
        8.1921158151E-01        1.0000000000E+00
        5.5900509559E-01        1.0000000000E+00
        3.3239787288E-01        1.0000000000E+00
        1.9033540230E-01        1.0000000000E+00
        1.0847204241E-01        1.0000000000E+00
        6.5022986774E-02        1.0000000000E+00
        4.3927339608E-02        1.0000000000E+00
        3.1801046089E-01        1.0000000000E+00
# SILICON
#
# Primary Functions: (21s,16p,7d,1f)
# Augmenting Functions: (21s,16p,7d,1f)
gaussian
 14 45 45
 1 1 1 1 1 1 1 1 1 1 1 1 1 1 1 1 1 1 1 1 1 1 1 1 1 1 1 1 1 1 1 1 1 1 1 1 1 1 1 1 1 1 1 1 1 
 0 0 0 0 0 0 0 0 0 0 0 0 0 0 0 0 0 0 0 0 0 1 1 1 1 1 1 1 1 1 1 1 1 1 1 1 1 2 2 2 2 2 2 2 3 
        5.3518957282E+05        1.0000000000E+00
        2.7844618441E+05        1.0000000000E+00
        1.2119141543E+05        1.0000000000E+00
        5.0704274156E+04        1.0000000000E+00
        2.0930558612E+04        1.0000000000E+00
        8.6981704291E+03        1.0000000000E+00
        3.5966950540E+03        1.0000000000E+00
        1.4855704341E+03        1.0000000000E+00
        6.1261250936E+02        1.0000000000E+00
        2.5291240899E+02        1.0000000000E+00
        1.0447031757E+02        1.0000000000E+00
        4.2643130521E+01        1.0000000000E+00
        1.7539275710E+01        1.0000000000E+00
        7.1938590076E+00        1.0000000000E+00
        2.9426794211E+00        1.0000000000E+00
        1.2094150102E+00        1.0000000000E+00
        4.9606747260E-01        1.0000000000E+00
        2.0339427988E-01        1.0000000000E+00
        8.3869085348E-02        1.0000000000E+00
        3.5749612588E-02        1.0000000000E+00
        1.8101255263E-02        1.0000000000E+00
        7.9959071678E+02        1.0000000000E+00
        4.5823789292E+02        1.0000000000E+00
        2.2408333229E+02        1.0000000000E+00
        1.0688927868E+02        1.0000000000E+00
        5.0237689305E+01        1.0000000000E+00
        2.3533456957E+01        1.0000000000E+00
        1.1066122779E+01        1.0000000000E+00
        5.1934924928E+00        1.0000000000E+00
        2.4330961329E+00        1.0000000000E+00
        1.1473124976E+00        1.0000000000E+00
        5.3388373510E-01        1.0000000000E+00
        2.5143459581E-01        1.0000000000E+00
        1.1616432441E-01        1.0000000000E+00
        5.4974985846E-02        1.0000000000E+00
        2.6880051588E-02        1.0000000000E+00
        1.5260745360E-02        1.0000000000E+00
        8.1921158151E-01        1.0000000000E+00
        5.5900509559E-01        1.0000000000E+00
        3.3239787288E-01        1.0000000000E+00
        1.9033540230E-01        1.0000000000E+00
        1.0847204241E-01        1.0000000000E+00
        6.5022986774E-02        1.0000000000E+00
        4.3927339608E-02        1.0000000000E+00
        3.1801046089E-01        1.0000000000E+00
# PHOSPHOROUS
#
# Primary Functions: (21s,16p,7d,1f)
# Augmenting Functions: (21s,16p,7d,1f)
gaussian
 15 45 45
 1 1 1 1 1 1 1 1 1 1 1 1 1 1 1 1 1 1 1 1 1 1 1 1 1 1 1 1 1 1 1 1 1 1 1 1 1 1 1 1 1 1 1 1 1 
 0 0 0 0 0 0 0 0 0 0 0 0 0 0 0 0 0 0 0 0 0 1 1 1 1 1 1 1 1 1 1 1 1 1 1 1 1 2 2 2 2 2 2 2 3 
        5.3518957282E+05        1.0000000000E+00
        2.7844618441E+05        1.0000000000E+00
        1.2119141543E+05        1.0000000000E+00
        5.0704274156E+04        1.0000000000E+00
        2.0930558612E+04        1.0000000000E+00
        8.6981704291E+03        1.0000000000E+00
        3.5966950540E+03        1.0000000000E+00
        1.4855704341E+03        1.0000000000E+00
        6.1261250936E+02        1.0000000000E+00
        2.5291240899E+02        1.0000000000E+00
        1.0447031757E+02        1.0000000000E+00
        4.2643130521E+01        1.0000000000E+00
        1.7539275710E+01        1.0000000000E+00
        7.1938590076E+00        1.0000000000E+00
        2.9426794211E+00        1.0000000000E+00
        1.2094150102E+00        1.0000000000E+00
        4.9606747260E-01        1.0000000000E+00
        2.0339427988E-01        1.0000000000E+00
        8.3869085348E-02        1.0000000000E+00
        3.5749612588E-02        1.0000000000E+00
        1.8101255263E-02        1.0000000000E+00
        7.9959071678E+02        1.0000000000E+00
        4.5823789292E+02        1.0000000000E+00
        2.2408333229E+02        1.0000000000E+00
        1.0688927868E+02        1.0000000000E+00
        5.0237689305E+01        1.0000000000E+00
        2.3533456957E+01        1.0000000000E+00
        1.1066122779E+01        1.0000000000E+00
        5.1934924928E+00        1.0000000000E+00
        2.4330961329E+00        1.0000000000E+00
        1.1473124976E+00        1.0000000000E+00
        5.3388373510E-01        1.0000000000E+00
        2.5143459581E-01        1.0000000000E+00
        1.1616432441E-01        1.0000000000E+00
        5.4974985846E-02        1.0000000000E+00
        2.6880051588E-02        1.0000000000E+00
        1.5260745360E-02        1.0000000000E+00
        8.1921158151E-01        1.0000000000E+00
        5.5900509559E-01        1.0000000000E+00
        3.3239787288E-01        1.0000000000E+00
        1.9033540230E-01        1.0000000000E+00
        1.0847204241E-01        1.0000000000E+00
        6.5022986774E-02        1.0000000000E+00
        4.3927339608E-02        1.0000000000E+00
        3.1801046089E-01        1.0000000000E+00
# SULFUR
#
# Primary Functions: (21s,16p,7d,1f)
# Augmenting Functions: (21s,16p,7d,1f)
gaussian
 16 45 45
 1 1 1 1 1 1 1 1 1 1 1 1 1 1 1 1 1 1 1 1 1 1 1 1 1 1 1 1 1 1 1 1 1 1 1 1 1 1 1 1 1 1 1 1 1 
 0 0 0 0 0 0 0 0 0 0 0 0 0 0 0 0 0 0 0 0 0 1 1 1 1 1 1 1 1 1 1 1 1 1 1 1 1 2 2 2 2 2 2 2 3 
        5.3518957282E+05        1.0000000000E+00
        2.7844618441E+05        1.0000000000E+00
        1.2119141543E+05        1.0000000000E+00
        5.0704274156E+04        1.0000000000E+00
        2.0930558612E+04        1.0000000000E+00
        8.6981704291E+03        1.0000000000E+00
        3.5966950540E+03        1.0000000000E+00
        1.4855704341E+03        1.0000000000E+00
        6.1261250936E+02        1.0000000000E+00
        2.5291240899E+02        1.0000000000E+00
        1.0447031757E+02        1.0000000000E+00
        4.2643130521E+01        1.0000000000E+00
        1.7539275710E+01        1.0000000000E+00
        7.1938590076E+00        1.0000000000E+00
        2.9426794211E+00        1.0000000000E+00
        1.2094150102E+00        1.0000000000E+00
        4.9606747260E-01        1.0000000000E+00
        2.0339427988E-01        1.0000000000E+00
        8.3869085348E-02        1.0000000000E+00
        3.5749612588E-02        1.0000000000E+00
        1.8101255263E-02        1.0000000000E+00
        7.9959071678E+02        1.0000000000E+00
        4.5823789292E+02        1.0000000000E+00
        2.2408333229E+02        1.0000000000E+00
        1.0688927868E+02        1.0000000000E+00
        5.0237689305E+01        1.0000000000E+00
        2.3533456957E+01        1.0000000000E+00
        1.1066122779E+01        1.0000000000E+00
        5.1934924928E+00        1.0000000000E+00
        2.4330961329E+00        1.0000000000E+00
        1.1473124976E+00        1.0000000000E+00
        5.3388373510E-01        1.0000000000E+00
        2.5143459581E-01        1.0000000000E+00
        1.1616432441E-01        1.0000000000E+00
        5.4974985846E-02        1.0000000000E+00
        2.6880051588E-02        1.0000000000E+00
        1.5260745360E-02        1.0000000000E+00
        8.1921158151E-01        1.0000000000E+00
        5.5900509559E-01        1.0000000000E+00
        3.3239787288E-01        1.0000000000E+00
        1.9033540230E-01        1.0000000000E+00
        1.0847204241E-01        1.0000000000E+00
        6.5022986774E-02        1.0000000000E+00
        4.3927339608E-02        1.0000000000E+00
        3.1801046089E-01        1.0000000000E+00
# CHLORINE
#
# Primary Functions: (21s,16p,7d,1f)
# Augmenting Functions: (21s,16p,7d,1f)
gaussian
 17 45 45
 1 1 1 1 1 1 1 1 1 1 1 1 1 1 1 1 1 1 1 1 1 1 1 1 1 1 1 1 1 1 1 1 1 1 1 1 1 1 1 1 1 1 1 1 1 
 0 0 0 0 0 0 0 0 0 0 0 0 0 0 0 0 0 0 0 0 0 1 1 1 1 1 1 1 1 1 1 1 1 1 1 1 1 2 2 2 2 2 2 2 3 
        5.3518957282E+05        1.0000000000E+00
        2.7844618441E+05        1.0000000000E+00
        1.2119141543E+05        1.0000000000E+00
        5.0704274156E+04        1.0000000000E+00
        2.0930558612E+04        1.0000000000E+00
        8.6981704291E+03        1.0000000000E+00
        3.5966950540E+03        1.0000000000E+00
        1.4855704341E+03        1.0000000000E+00
        6.1261250936E+02        1.0000000000E+00
        2.5291240899E+02        1.0000000000E+00
        1.0447031757E+02        1.0000000000E+00
        4.2643130521E+01        1.0000000000E+00
        1.7539275710E+01        1.0000000000E+00
        7.1938590076E+00        1.0000000000E+00
        2.9426794211E+00        1.0000000000E+00
        1.2094150102E+00        1.0000000000E+00
        4.9606747260E-01        1.0000000000E+00
        2.0339427988E-01        1.0000000000E+00
        8.3869085348E-02        1.0000000000E+00
        3.5749612588E-02        1.0000000000E+00
        1.8101255263E-02        1.0000000000E+00
        7.9959071678E+02        1.0000000000E+00
        4.5823789292E+02        1.0000000000E+00
        2.2408333229E+02        1.0000000000E+00
        1.0688927868E+02        1.0000000000E+00
        5.0237689305E+01        1.0000000000E+00
        2.3533456957E+01        1.0000000000E+00
        1.1066122779E+01        1.0000000000E+00
        5.1934924928E+00        1.0000000000E+00
        2.4330961329E+00        1.0000000000E+00
        1.1473124976E+00        1.0000000000E+00
        5.3388373510E-01        1.0000000000E+00
        2.5143459581E-01        1.0000000000E+00
        1.1616432441E-01        1.0000000000E+00
        5.4974985846E-02        1.0000000000E+00
        2.6880051588E-02        1.0000000000E+00
        1.5260745360E-02        1.0000000000E+00
        8.1921158151E-01        1.0000000000E+00
        5.5900509559E-01        1.0000000000E+00
        3.3239787288E-01        1.0000000000E+00
        1.9033540230E-01        1.0000000000E+00
        1.0847204241E-01        1.0000000000E+00
        6.5022986774E-02        1.0000000000E+00
        4.3927339608E-02        1.0000000000E+00
        3.1801046089E-01        1.0000000000E+00
# ARGON
#
# Primary Functions: (21s,16p,7d,1f)
# Augmenting Functions: (21s,16p,7d,1f)
gaussian
 18 45 45
 1 1 1 1 1 1 1 1 1 1 1 1 1 1 1 1 1 1 1 1 1 1 1 1 1 1 1 1 1 1 1 1 1 1 1 1 1 1 1 1 1 1 1 1 1 
 0 0 0 0 0 0 0 0 0 0 0 0 0 0 0 0 0 0 0 0 0 1 1 1 1 1 1 1 1 1 1 1 1 1 1 1 1 2 2 2 2 2 2 2 3 
        5.3518957282E+05        1.0000000000E+00
        2.7844618441E+05        1.0000000000E+00
        1.2119141543E+05        1.0000000000E+00
        5.0704274156E+04        1.0000000000E+00
        2.0930558612E+04        1.0000000000E+00
        8.6981704291E+03        1.0000000000E+00
        3.5966950540E+03        1.0000000000E+00
        1.4855704341E+03        1.0000000000E+00
        6.1261250936E+02        1.0000000000E+00
        2.5291240899E+02        1.0000000000E+00
        1.0447031757E+02        1.0000000000E+00
        4.2643130521E+01        1.0000000000E+00
        1.7539275710E+01        1.0000000000E+00
        7.1938590076E+00        1.0000000000E+00
        2.9426794211E+00        1.0000000000E+00
        1.2094150102E+00        1.0000000000E+00
        4.9606747260E-01        1.0000000000E+00
        2.0339427988E-01        1.0000000000E+00
        8.3869085348E-02        1.0000000000E+00
        3.5749612588E-02        1.0000000000E+00
        1.8101255263E-02        1.0000000000E+00
        7.9959071678E+02        1.0000000000E+00
        4.5823789292E+02        1.0000000000E+00
        2.2408333229E+02        1.0000000000E+00
        1.0688927868E+02        1.0000000000E+00
        5.0237689305E+01        1.0000000000E+00
        2.3533456957E+01        1.0000000000E+00
        1.1066122779E+01        1.0000000000E+00
        5.1934924928E+00        1.0000000000E+00
        2.4330961329E+00        1.0000000000E+00
        1.1473124976E+00        1.0000000000E+00
        5.3388373510E-01        1.0000000000E+00
        2.5143459581E-01        1.0000000000E+00
        1.1616432441E-01        1.0000000000E+00
        5.4974985846E-02        1.0000000000E+00
        2.6880051588E-02        1.0000000000E+00
        1.5260745360E-02        1.0000000000E+00
        8.1921158151E-01        1.0000000000E+00
        5.5900509559E-01        1.0000000000E+00
        3.3239787288E-01        1.0000000000E+00
        1.9033540230E-01        1.0000000000E+00
        1.0847204241E-01        1.0000000000E+00
        6.5022986774E-02        1.0000000000E+00
        4.3927339608E-02        1.0000000000E+00
        3.1801046089E-01        1.0000000000E+00
endbasis
