# CHLORINE
#
# Primary Functions: (12s,8p,1d) -> [4s,3p,1d]
# Augmenting Functions: (12s,8p,1d)->[4s,3p,1d]
gaussian
 17 19 8
 4 3 2 1 5 2 1 1 
 0 0 0 0 1 1 1 2 
        8.9243835000E+02        6.6674800000E-02
        2.4941743000E+02        2.3005060000E-01
        7.9721572000E+01        4.7423070000E-01
        2.6831145000E+01        3.5952400000E-01
        5.2785301000E+01       -9.5629600000E-02
        5.6156429000E+00        5.8808400000E-01
        2.1059076000E+00        4.8669820000E-01
        3.5586149000E+00        1.8068910000E-01
        4.8479810000E-01       -6.8848290000E-01
        1.7333100000E-01        1.0000000000E+00
        2.7107821000E+02       -1.0925700000E-02
        6.3547208000E+01       -7.7590900000E-02
        1.9737109000E+01       -2.7751590000E-01
        6.7889937000E+00       -5.0319330000E-01
        2.3480303000E+00       -3.3484260000E-01
        1.1066864000E+00       -2.7653810000E-01
        3.8296800000E-01       -5.4667680000E-01
        1.2511330000E-01        1.0000000000E+00
        7.5000000000E-01        1.0000000000E+00
# ARGON
#
# Primary Functions: (12s,8p,1d) -> [4s,3p,1d]
# Augmenting Functions: (12s,8p,1d)->[4s,3p,1d]
gaussian
 18 21 8
 6 3 2 1 5 2 1 1 
 0 0 0 0 1 1 1 2 
        2.9505774000E+04       -1.7375000000E-03
        4.4192162000E+03       -1.3338100000E-02
        1.0005770000E+03       -6.6724900000E-02
        2.8003798000E+02       -2.2988870000E-01
        8.9712082000E+01       -4.7357440000E-01
        3.0279878000E+01       -3.5991600000E-01
        5.9514406000E+01        9.7025700000E-02
        6.3997779000E+00       -5.9339870000E-01
        2.4314709000E+00       -4.8108050000E-01
        4.1875357000E+00       -1.8640000000E-01
        5.8325620000E-01        6.8956890000E-01
        2.0710810000E-01        1.0000000000E+00
        3.1302176000E+02        1.0675300000E-02
        7.3487231000E+01        7.6309500000E-02
        2.2897988000E+01        2.7512700000E-01
        7.9322148000E+00        5.0407190000E-01
        2.7702696000E+00        3.3462710000E-01
        1.3318953000E+00        2.8770000000E-01
        4.6186150000E-01        5.4475270000E-01
        1.5021940000E-01        1.0000000000E+00
        8.5000000000E-01        1.0000000000E+00
# POTASSIUM
#
# Primary Functions: (15s,9p,1d) -> [5s,4p,1d]
# Augmenting Functions: (15s,9p,1d)->[5s,4p,1d]
gaussian
 19 25 10
 6 3 3 2 1 5 2 1 1 1 
 0 0 0 0 0 1 1 1 1 2 
        3.3078648000E+04        1.7267000000E-03
        4.9549024000E+03        1.3251400000E-02
        1.1221308000E+03        6.6314200000E-02
        3.1420807000E+02        2.2867240000E-01
        1.0077629000E+02        4.7266980000E-01
        3.4061348000E+01        3.6214160000E-01
        6.6602931000E+01       -9.8450700000E-02
        7.2644563000E+00        5.9416190000E-01
        2.8036787000E+00        4.7991390000E-01
        4.8324390000E+00        1.9727090000E-01
        7.0581890000E-01       -6.9564730000E-01
        2.6975200000E-01       -4.2287810000E-01
        3.5335350000E-01       -1.2467830000E-01
        4.2091600000E-02        7.3836330000E-01
        1.7448500000E-02        1.0000000000E+00
        3.6751146000E+02       -1.0033300000E-02
        8.6260858000E+01       -7.2734800000E-02
        2.6897968000E+01       -2.6790430000E-01
        9.3541248000E+00       -5.0383670000E-01
        3.2920581000E+00       -3.4262240000E-01
        1.6209189000E+00       -2.9527220000E-01
        5.8724930000E-01       -5.5635660000E-01
        2.0469410000E-01        1.0000000000E+00
        4.0800000000E-02        1.0000000000E+00
        7.4100000000E-02        1.0000000000E+00
# CALCIUM
#
# Primary Functions: (15s,9p,5d) -> [5s,4p,2d]
# Augmenting Functions: (15s,9p,5d)->[5s,4p,2d]
gaussian
 20 29 11
 6 3 3 2 1 5 2 1 1 4 1 
 0 0 0 0 0 1 1 1 1 2 2 
        3.6930009000E+04        1.7128000000E-03
        5.5317097000E+03        1.3144900000E-02
        1.2527414000E+03        6.5835900000E-02
        3.5081485000E+02        2.2736060000E-01
        1.1259658000E+02        4.7184690000E-01
        3.8088793000E+01        3.6449950000E-01
        7.4116470000E+01       -9.9743600000E-02
        8.1843738000E+00        5.9521130000E-01
        3.2003684000E+00        4.7859930000E-01
        5.5283278000E+00        2.0718530000E-01
        8.3789520000E-01       -7.1058040000E-01
        3.3303330000E-01       -4.1099170000E-01
        5.0885980000E-01       -1.5455110000E-01
        6.6024400000E-02        7.2416430000E-01
        2.6859000000E-02        1.0000000000E+00
        4.2134592000E+02       -9.6865000000E-03
        9.8975989000E+01       -7.0759900000E-02
        3.0928698000E+01       -2.6365930000E-01
        1.0811661000E+01       -5.0336510000E-01
        3.8379800000E+00       -3.4663080000E-01
        1.9276019000E+00       -3.0269800000E-01
        7.2568230000E-01       -5.5916280000E-01
        2.6598630000E-01        1.0000000000E+00
        5.8100000000E-02        1.0000000000E+00
        7.2031146000E+00        5.6947800000E-02
        1.8988074000E+00        1.9125180000E-01
        5.9249740000E-01        2.9123020000E-01
        1.8403880000E-01        2.9468690000E-01
        5.5704400000E-02        1.0000000000E+00
# SCANDIUM
#
# Primary Functions: (15s,9p,5d) -> [5s,3p,2d]
# Augmenting Functions: (15s,9p,5d)->[5s,3p,2d]
gaussian
 21 29 10
 6 3 3 2 1 5 3 1 4 1 
 0 0 0 0 0 1 1 1 2 2 
        4.0355909000E+04        1.7333000000E-03
        6.0505154000E+03        1.3278900000E-02
        1.3724765000E+03        6.6304100000E-02
        3.8524704000E+02        2.2810440000E-01
        1.2403194000E+02        4.7136570000E-01
        4.2119423000E+01        3.6337640000E-01
        8.2158698000E+01       -1.0081750000E-01
        9.1349838000E+00        6.0057600000E-01
        3.6000856000E+00        4.7318600000E-01
        6.3109738000E+00        2.0966180000E-01
        9.6549480000E-01       -7.0888480000E-01
        3.7893510000E-01       -4.1495890000E-01
        5.3398660000E-01       -1.5187660000E-01
        7.3698600000E-02        7.0297410000E-01
        2.8720500000E-02        1.0000000000E+00
        4.8311966000E+02        9.2716000000E-03
        1.1324773000E+02        6.8634900000E-02
        3.5357254000E+01        2.5997160000E-01
        1.2379204000E+01        5.0433570000E-01
        4.4103725000E+00        3.4958900000E-01
        2.2242378000E+00        3.1023150000E-01
        8.3389920000E-01        5.5513980000E-01
        3.0345080000E-01        2.6173530000E-01
        7.6500000000E-02        1.0000000000E+00
        1.0662903000E+01        6.4475200000E-02
        2.7196219000E+00        2.6369060000E-01
        7.6770850000E-01        4.7189550000E-01
        1.8863360000E-01        5.4521500000E-01
        3.6000000000E-02        1.0000000000E+00
# TITANIUM
#
# Primary Functions: (15s,9p,5d) -> [5s,3p,2d]
# Augmenting Functions: (15s,9p,5d)->[5s,3p,2d]
gaussian
 22 29 10
 6 3 3 2 1 5 3 1 4 1 
 0 0 0 0 0 1 1 1 2 2 
        4.4446896000E+04       -1.7276000000E-03
        6.6644146000E+03       -1.3232900000E-02
        1.5119865000E+03       -6.6083700000E-02
        4.2455078000E+02       -2.2746910000E-01
        1.3680023000E+02       -4.7087550000E-01
        4.6514535000E+01       -3.6449010000E-01
        9.0604942000E+01       -1.0181260000E-01
        1.0146858000E+01        6.0429920000E-01
        4.0277164000E+00        4.6944500000E-01
        7.1270376000E+00       -2.1271460000E-01
        1.1031403000E+00        7.1041180000E-01
        4.3244950000E-01        4.1533070000E-01
        6.1557520000E-01       -1.5265740000E-01
        8.5858100000E-02        6.6103500000E-01
        3.3103300000E-02        1.0000000000E+00
        5.3766903000E+02        9.2080000000E-03
        1.2636414000E+02        6.8186800000E-02
        3.9571379000E+01        2.5913240000E-01
        1.3921750000E+01        5.0463900000E-01
        4.9916806000E+00        3.4877870000E-01
        2.5478908000E+00        3.1521970000E-01
        9.5979350000E-01        5.5340100000E-01
        3.5020630000E-01        2.5775430000E-01
        8.5500000000E-02        1.0000000000E+00
        1.3520016000E+01       -6.2413700000E-02
        3.5074523000E+00       -2.6480160000E-01
        1.0220948000E+00       -4.7977000000E-01
        2.6278610000E-01       -5.2405580000E-01
        5.1000000000E-02        1.0000000000E+00
# VANADIUM
#
# Primary Functions: (15s,9p,5d) -> [5s,3p,2d]
# Augmenting Functions: (15s,9p,5d)->[5s,3p,2d]
gaussian
 23 29 10
 6 3 3 2 1 5 3 1 4 1 
 0 0 0 0 0 1 1 1 2 2 
        4.9145258000E+04       -1.7049000000E-03
        7.3661009000E+03       -1.3068500000E-02
        1.6699598000E+03       -6.5404400000E-02
        4.6843959000E+02       -2.2592860000E-01
        1.5082100000E+02       -4.7044030000E-01
        5.1252776000E+01       -3.6702730000E-01
        9.9480180000E+01       -1.0271690000E-01
        1.1213264000E+01        6.0769800000E-01
        4.4778252000E+00        4.6607310000E-01
        7.9913350000E+00       -2.1478090000E-01
        1.2468158000E+00        7.1090440000E-01
        4.8739340000E-01        4.1627090000E-01
        6.9088900000E-01       -1.4902600000E-01
        9.6986600000E-02        6.3308970000E-01
        3.6764000000E-02        1.0000000000E+00
        5.9512707000E+02       -9.1589000000E-03
        1.4000397000E+02       -6.7965700000E-02
        4.3941377000E+01       -2.5889920000E-01
        1.5526952000E+01       -5.0501160000E-01
        5.5992158000E+00       -3.4734430000E-01
        2.8892723000E+00       -3.1914860000E-01
        1.0908884000E+00       -5.5183650000E-01
        3.9812970000E-01       -2.5524260000E-01
        9.5100000000E-02        1.0000000000E+00
        1.6220473000E+01       -6.1638600000E-02
        4.2547424000E+00       -2.6686080000E-01
        1.2617714000E+00       -4.8444430000E-01
        3.3151450000E-01       -5.1113550000E-01
        6.4000000000E-02        1.0000000000E+00
# CHROMIUM
#
# Primary Functions: (15s,9p,5d) -> [5s,3p,2d]
# Augmenting Functions: (15s,9p,5d)->[5s,3p,2d]
gaussian
 24 29 10
 6 3 3 2 1 5 3 1 4 1 
 0 0 0 0 0 1 1 1 2 2 
        5.2778745000E+04        1.7354000000E-03
        7.9183017000E+03        1.3277500000E-02
        1.7984871000E+03        6.6190600000E-02
        5.0592005000E+02        2.2738480000E-01
        1.6350058000E+02        4.7007280000E-01
        5.5817634000E+01        3.6476530000E-01
        1.0880412000E+02        1.0351710000E-01
        1.2327387000E+01       -6.1151690000E-01
        4.9462295000E+00       -4.6230660000E-01
        8.9020446000E+00        2.1619010000E-01
        1.3966976000E+00       -7.1092030000E-01
        5.4401410000E-01       -4.1735880000E-01
        7.7736610000E-01        1.4687210000E-01
        1.0703580000E-01       -6.1484960000E-01
        3.9907700000E-02        1.0000000000E+00
        6.6171204000E+02       -8.9894000000E-03
        1.5531302000E+02       -6.7276800000E-02
        4.8743080000E+01       -2.5797560000E-01
        1.7266083000E+01       -5.0558000000E-01
        6.2507652000E+00       -3.4714140000E-01
        3.2504865000E+00       -3.2202080000E-01
        1.2284088000E+00       -5.5047770000E-01
        4.4784370000E-01       -2.5390240000E-01
        1.0510000000E-01        1.0000000000E+00
        1.8832973000E+01       -6.1704000000E-02
        4.9791203000E+00       -2.7010800000E-01
        1.4918696000E+00       -4.8809890000E-01
        3.9585120000E-01       -5.0111050000E-01
        7.5000000000E-02        1.0000000000E+00
# MANGANESE
#
# Primary Functions: (15s,9p,5d) -> [5s,3p,2d]
# Augmenting Functions: (15s,9p,5d)->[5s,3p,2d]
gaussian
 25 29 10
 6 3 3 2 1 5 3 1 4 1 
 0 0 0 0 0 1 1 1 2 2 
        5.8745692000E+04        1.6835000000E-03
        8.8030393000E+03        1.2910300000E-02
        1.9949330000E+03        6.4722600000E-02
        5.5935363000E+02        2.2426570000E-01
        1.8012270000E+02        4.6969490000E-01
        6.1262134000E+01        3.6980490000E-01
        1.1852803000E+02        1.0427700000E-01
        1.3504946000E+01       -6.1400010000E-01
        5.4431834000E+00       -4.5989710000E-01
        9.8569553000E+00        2.1755470000E-01
        1.5552163000E+00       -7.1088590000E-01
        6.0461780000E-01       -4.1837030000E-01
        8.6296550000E-01        1.4376110000E-01
        1.1671880000E-01       -6.0090080000E-01
        4.2859100000E-02        1.0000000000E+00
        7.4092768000E+02       -8.6420000000E-03
        1.7391313000E+02       -6.5224900000E-02
        5.4518491000E+01       -2.5404170000E-01
        1.9300414000E+01       -5.0615190000E-01
        6.9893098000E+00       -3.5142320000E-01
        3.6326196000E+00       -3.2483590000E-01
        1.3738297000E+00       -5.4964150000E-01
        5.0142890000E-01       -2.5172730000E-01
        1.1290000000E-01        1.0000000000E+00
        2.1257958000E+01        6.3027500000E-02
        5.6579946000E+00        2.7540610000E-01
        1.7029455000E+00        4.9168450000E-01
        4.5188690000E-01        4.9148300000E-01
        8.2000000000E-02        1.0000000000E+00
# IRON
#
# Primary Functions: (15s,9p,5d) -> [5s,3p,2d]
# Augmenting Functions: (15s,9p,5d)->[5s,3p,2d]
gaussian
 26 29 10
 6 3 3 2 1 5 3 1 4 1 
 0 0 0 0 0 1 1 1 2 2 
        6.1430227000E+04        1.7559000000E-03
        9.2221760000E+03        1.3416900000E-02
        2.0975969000E+03        6.6695400000E-02
        5.9149040000E+02        2.2820510000E-01
        1.9186062000E+02        4.6944990000E-01
        6.5826328000E+01        3.6355690000E-01
        1.2874074000E+02       -1.0491680000E-01
        1.4718133000E+01        6.1796190000E-01
        5.9507543000E+00        4.5600930000E-01
        1.0859879000E+01        2.1849170000E-01
        1.7194471000E+00       -7.1133100000E-01
        6.6645320000E-01       -4.1869470000E-01
        9.7547610000E-01       -1.4410540000E-01
        1.2311430000E-01        5.9581340000E-01
        4.4879500000E-02        1.0000000000E+00
        7.8062030000E+02       -9.1217000000E-03
        1.8400622000E+02       -6.8004000000E-02
        5.8084467000E+01       -2.5976810000E-01
        2.0759795000E+01       -5.0601380000E-01
        7.5934515000E+00       -3.4190820000E-01
        4.0279173000E+00       -3.2729620000E-01
        1.5264700000E+00       -5.4815000000E-01
        5.5737020000E-01       -2.5066290000E-01
        1.2100000000E-01        1.0000000000E+00
        2.3929316000E+01       -6.3492100000E-02
        6.3999013000E+00       -2.7839130000E-01
        1.9317417000E+00       -4.9381950000E-01
        5.1152790000E-01       -4.8626940000E-01
        9.0000000000E-02        1.0000000000E+00
# COBALT
#
# Primary Functions: (15s,9p,5d) -> [5s,3p,2d]
# Augmenting Functions: (15s,9p,5d)->[5s,3p,2d]
gaussian
 27 29 10
 6 3 3 2 1 5 3 1 4 1 
 0 0 0 0 0 1 1 1 2 2 
        6.7981042000E+04       -1.7024000000E-03
        1.0193428000E+04       -1.3038600000E-02
        2.3131814000E+03       -6.5188000000E-02
        6.5007779000E+02       -2.2502900000E-01
        2.1006015000E+02       -4.6914570000E-01
        7.1774498000E+01       -3.6865860000E-01
        1.3932221000E+02        1.0555780000E-01
        1.6002786000E+01       -6.2009540000E-01
        6.4919353000E+00       -4.5397250000E-01
        1.1910394000E+01       -2.1912730000E-01
        1.8904105000E+00        7.1142010000E-01
        7.3022780000E-01        4.1922480000E-01
        1.0586020000E+00        1.3928930000E-01
        1.3009050000E-01       -5.8643150000E-01
        4.6853000000E-02        1.0000000000E+00
        8.5279139000E+02       -9.0266000000E-03
        2.0106964000E+02       -6.7509800000E-02
        6.3521345000E+01       -2.5902510000E-01
        2.2748649000E+01       -5.0639190000E-01
        8.3427755000E+00       -3.4185210000E-01
        4.4476087000E+00       -3.2895350000E-01
        1.6858780000E+00       -5.4729940000E-01
        6.1512090000E-01       -2.5001630000E-01
        1.2660000000E-01        1.0000000000E+00
        2.6532469000E+01       -6.4475900000E-02
        7.1258945000E+00       -2.8236590000E-01
        2.1547673000E+00       -4.9565360000E-01
        5.6886000000E-01       -4.8065190000E-01
        9.7000000000E-02        1.0000000000E+00
# NICKEL
#
# Primary Functions: (15s,9p,5d) -> [5s,3p,2d]
# Augmenting Functions: (15s,9p,5d)->[5s,3p,2d]
gaussian
 28 29 10
 6 3 3 2 1 5 3 1 4 1 
 0 0 0 0 0 1 1 1 2 2 
        7.2509042000E+04       -1.7208000000E-03
        1.0879176000E+04       -1.3163700000E-02
        2.4716460000E+03       -6.5656700000E-02
        6.9582606000E+02       -2.2590270000E-01
        2.2537504000E+02       -4.6891570000E-01
        7.7240158000E+01       -3.6728410000E-01
        1.5036412000E+02        1.0612160000E-01
        1.7331092000E+01       -6.2289970000E-01
        7.0488555000E+00       -4.5126310000E-01
        1.3006396000E+01       -2.1955900000E-01
        2.0682821000E+00        7.1117420000E-01
        7.9634340000E-01        4.1996870000E-01
        1.1407612000E+00        1.3450420000E-01
        1.3649560000E-01       -5.7911790000E-01
        4.8640200000E-02        1.0000000000E+00
        9.2537823000E+02        8.9808000000E-03
        2.1837918000E+02        6.7256800000E-02
        6.9075894000E+01        2.5871990000E-01
        2.4794186000E+01        5.0670800000E-01
        9.1177270000E+00        3.4125310000E-01
        4.8865556000E+00        3.3026540000E-01
        1.8520568000E+00        5.4657530000E-01
        6.7489050000E-01        2.4968220000E-01
        1.3510000000E-01        1.0000000000E+00
        2.9229659000E+01       -6.5395300000E-02
        7.8789145000E+00       -2.8601300000E-01
        2.3861160000E+00       -4.9715640000E-01
        6.2824370000E-01       -4.7563690000E-01
        1.0400000000E-01        1.0000000000E+00
# COPPER
#
# Primary Functions: (15s,9p,5d) -> [5s,3p,2d]
# Augmenting Functions: (15s,9p,5d)->[5s,3p,2d]
gaussian
 29 29 10
 6 3 3 2 1 5 3 1 4 1 
 0 0 0 0 0 1 1 1 2 2 
        8.0289620000E+04       -1.6562000000E-03
        1.2027338000E+04       -1.2709300000E-02
        2.7242575000E+03       -6.3851800000E-02
        7.6356173000E+02       -2.2211540000E-01
        2.4606459000E+02       -4.6860490000E-01
        8.3868363000E+01       -3.7337930000E-01
        1.6179726000E+02        1.0667590000E-01
        1.8725375000E+01       -6.2459430000E-01
        7.6364165000E+00       -4.4967240000E-01
        1.4150829000E+01       -2.1980770000E-01
        2.2528304000E+00        7.1087600000E-01
        8.6448860000E-01        4.2065710000E-01
        1.2230963000E+00        1.3031690000E-01
        1.4297710000E-01       -5.7086010000E-01
        5.0460300000E-02        1.0000000000E+00
        1.0029745000E+03        8.9143000000E-03
        2.3662530000E+02        6.6970400000E-02
        7.4892321000E+01        2.5841470000E-01
        2.6931252000E+01        5.0706200000E-01
        9.9267759000E+00        3.4075110000E-01
        5.3446648000E+00        3.3137450000E-01
        2.0247480000E+00        5.4598710000E-01
        7.3663310000E-01        2.4947670000E-01
        1.4100000000E-01        1.0000000000E+00
        3.1812667000E+01       -6.6889100000E-02
        8.6058716000E+00       -2.9074010000E-01
        2.6093411000E+00       -4.9841940000E-01
        6.8521350000E-01       -4.6972510000E-01
        1.1000000000E-01        1.0000000000E+00
# ZINC
#
# Primary Functions: (15s,9p,5d) -> [5s,3p,2d]
# Augmenting Functions: (15s,9p,5d)->[5s,3p,2d]
gaussian
 30 29 10
 6 3 3 2 1 5 3 1 4 1 
 0 0 0 0 0 1 1 1 2 2 
        8.2904220000E+04       -1.7313000000E-03
        1.2444232000E+04       -1.3232800000E-02
        2.8298529000E+03       -6.5890100000E-02
        7.9789288000E+02       -2.2619880000E-01
        2.5906473000E+02       -4.6839110000E-01
        8.9079512000E+01       -3.6691560000E-01
        1.7368172000E+02       -1.0716240000E-01
        2.0166497000E+01        6.2649820000E-01
        8.2470819000E+00        4.4782060000E-01
        1.5316584000E+01       -2.2123750000E-01
        2.4557493000E+00        7.0919110000E-01
        9.5487770000E-01        4.2241470000E-01
        1.4100034000E+00       -1.4046520000E-01
        1.6934410000E-01        6.0127450000E-01
        5.9221000000E-02        1.0000000000E+00
        1.0851785000E+03        8.8260000000E-03
        2.5618093000E+02        6.6445500000E-02
        8.1140253000E+01        2.5742460000E-01
        2.9222520000E+01        5.0714550000E-01
        1.0793695000E+01        3.4143560000E-01
        5.8412904000E+00        3.3121250000E-01
        2.2263660000E+00        5.4637610000E-01
        8.2116400000E-01        2.4681440000E-01
        1.6900000000E-01        1.0000000000E+00
        3.8093467000E+01       -6.0696600000E-02
        1.0423756000E+01       -2.7605000000E-01
        3.2532521000E+00       -4.9826380000E-01
        9.0975290000E-01       -4.6898980000E-01
        1.7200000000E-01        1.0000000000E+00
# GALLIUM
#
# Primary Functions: (15s,11p,5d) -> [5s,4p,2d]
# Augmenting Functions: (15s,11p,5d)->[5s,4p,2d]
gaussian
 31 31 11
 6 3 3 2 1 5 3 2 1 4 1 
 0 0 0 0 0 1 1 1 1 2 2 
        8.8374045000E+04        1.7358000000E-03
        1.3268905000E+04        1.3260500000E-02
        3.0187941000E+03        6.5975900000E-02
        8.5178841000E+02        2.2626580000E-01
        2.7687619000E+02        4.6810110000E-01
        9.5345324000E+01        3.6688220000E-01
        1.8596030000E+02       -1.0764530000E-01
        2.1670749000E+01        6.2772650000E-01
        8.8893894000E+00        4.4663790000E-01
        1.6533626000E+01        2.2265950000E-01
        2.6666023000E+00       -7.0817740000E-01
        1.0515414000E+00       -4.2338460000E-01
        1.5625465000E+00       -1.5772530000E-01
        2.0761150000E-01        6.3911790000E-01
        7.3543900000E-02        1.0000000000E+00
        1.1631955000E+03       -8.8407000000E-03
        2.7489727000E+02       -6.6506200000E-02
        8.7255989000E+01       -2.5736020000E-01
        3.1534864000E+01       -5.0652980000E-01
        1.1700611000E+01       -3.4114500000E-01
        6.3876673000E+00       -3.2781640000E-01
        2.4667022000E+00       -5.4244220000E-01
        9.3619400000E-01       -2.5055940000E-01
        3.8127270000E-01       -2.1248640000E-01
        1.2550960000E-01       -5.5175480000E-01
        4.1071700000E-02        1.0000000000E+00
        3.8058272000E+01       -7.0035800000E-02
        1.0361522000E+01       -3.0525740000E-01
        3.1603523000E+00       -5.1672600000E-01
        8.4771950000E-01       -4.2780520000E-01
        1.6200000000E-01        1.0000000000E+00
# GERMANIUM
#
# Primary Functions: (15s,11p,5d) -> [5s,4p,2d]
# Augmenting Functions: (15s,11p,5d)->[5s,4p,2d]
gaussian
 32 31 11
 6 3 3 2 1 5 3 2 1 4 1 
 0 0 0 0 0 1 1 1 1 2 2 
        1.0066623000E+05       -1.6006000000E-03
        1.5061973000E+04       -1.2309400000E-02
        3.4041946000E+03       -6.2206200000E-02
        9.5121698000E+02       -2.1834360000E-01
        3.0564810000E+02       -4.6753750000E-01
        1.0388138000E+02       -3.7971320000E-01
        1.9854803000E+02       -1.0816690000E-01
        2.3264865000E+01        6.2661300000E-01
        9.5835004000E+00        4.4779000000E-01
        1.7789102000E+01       -2.2474440000E-01
        2.8895735000E+00        7.0960980000E-01
        1.1609259000E+00        4.2198270000E-01
        1.7840838000E+00       -1.7767660000E-01
        2.5387400000E-01        6.6761280000E-01
        9.2198100000E-02        1.0000000000E+00
        1.3169306000E+03        8.0489000000E-03
        3.1076532000E+02        6.1606600000E-02
        9.8041716000E+01        2.4688940000E-01
        3.5149991000E+01        5.0664840000E-01
        1.2949247000E+01        3.5571050000E-01
        6.9476147000E+00        3.2776490000E-01
        2.7037889000E+00        5.4289770000E-01
        1.0484809000E+00        2.4668860000E-01
        4.4171250000E-01        2.5576960000E-01
        1.6060940000E-01        5.3783290000E-01
        5.7407600000E-02        1.0000000000E+00
        4.3663751000E+01        6.6464800000E-02
        1.1979210000E+01        2.9829690000E-01
        3.7227864000E+00        5.2032600000E-01
        1.0423715000E+00        4.2028940000E-01
        2.1800000000E-01        1.0000000000E+00
# ARSENIC
#
# Primary Functions: (15s,11p,5d) -> [5s,4p,2d]
# Augmenting Functions: (15s,11p,5d)->[5s,4p,2d]
gaussian
 33 31 11
 6 3 3 2 1 5 3 2 1 4 1 
 0 0 0 0 0 1 1 1 1 2 2 
        1.0736586000E+05       -1.5957000000E-03
        1.6064053000E+04       -1.2272200000E-02
        3.6306518000E+03       -6.2036200000E-02
        1.0145283000E+03       -2.1786570000E-01
        3.2607429000E+02       -4.6721080000E-01
        1.1086519000E+02       -3.8057830000E-01
        2.1162924000E+02       -1.0860480000E-01
        2.4887312000E+01        6.2711800000E-01
        1.0286190000E+01        4.4730110000E-01
        1.9090514000E+01       -2.2701130000E-01
        3.1202838000E+00        7.1378230000E-01
        1.2751351000E+00        4.1802480000E-01
        2.0202307000E+00       -1.9448640000E-01
        3.0320860000E-01        6.8715010000E-01
        1.1132560000E-01        1.0000000000E+00
        1.4162409000E+03        7.9561000000E-03
        3.3427920000E+02        6.1037300000E-02
        1.0552400000E+02        2.4549260000E-01
        3.7887140000E+01        5.0625540000E-01
        1.3987612000E+01        3.5733750000E-01
        7.5293458000E+00       -3.2758040000E-01
        2.9610269000E+00       -5.4296510000E-01
        1.1706232000E+00       -2.4337570000E-01
        1.9623060000E-01       -5.4879520000E-01
        5.2522100000E-01       -2.7959730000E-01
        7.0474800000E-02        1.0000000000E+00
        4.9428820000E+01        6.3674400000E-02
        1.3648114000E+01        2.9272500000E-01
        4.3052959000E+00        5.2334170000E-01
        1.2466446000E+00        4.1420440000E-01
        2.7300000000E-01        1.0000000000E+00
# SELENIUM
#
# Primary Functions: (15s,11p,5d) -> [5s,4p,2d]
# Augmenting Functions: (15s,11p,5d)->[5s,4p,2d]
gaussian
 34 31 11
 6 3 3 2 1 5 3 2 1 4 1 
 0 0 0 0 0 1 1 1 1 2 2 
        1.1428876000E+05       -1.5910000000E-03
        1.7099740000E+04       -1.2236200000E-02
        3.8646762000E+03       -6.1872300000E-02
        1.0799532000E+03       -2.1740280000E-01
        3.4718530000E+02       -4.6689170000E-01
        1.1808358000E+02       -3.8142020000E-01
        2.2512776000E+02       -1.0902020000E-01
        2.6565068000E+01        6.2756290000E-01
        1.1015583000E+01        4.4686610000E-01
        2.0437016000E+01       -2.2942090000E-01
        3.3604973000E+00        7.1970400000E-01
        1.3940505000E+00        4.1254180000E-01
        2.2645278000E+00       -2.0832190000E-01
        3.5443570000E-01        7.0415150000E-01
        1.3190640000E-01        1.0000000000E+00
        1.5192830000E+03        7.8685000000E-03
        3.5872461000E+02        6.0486600000E-02
        1.1331008000E+02        2.4410710000E-01
        4.0737581000E+01        5.0586030000E-01
        1.5069746000E+01        3.5897370000E-01
        8.1294894000E+00        3.2820520000E-01
        3.2274327000E+00        5.4386750000E-01
        1.2950982000E+00        2.3880120000E-01
        6.1261980000E-01        3.0877930000E-01
        2.2722670000E-01        5.4470870000E-01
        8.0624800000E-02        1.0000000000E+00
        5.5372108000E+01        6.1436200000E-02
        1.5372963000E+01        2.8821940000E-01
        4.9092288000E+00        5.2597970000E-01
        1.4602416000E+00        4.0904990000E-01
        3.2100000000E-01        1.0000000000E+00
# BROMINE
#
# Primary Functions: (15s,11p,5d) -> [5s,4p,2d]
# Augmenting Functions: (15s,11p,5d)->[5s,4p,2d]
gaussian
 35 31 11
 6 3 3 2 1 5 3 2 1 4 1 
 0 0 0 0 0 1 1 1 1 2 2 
        1.1535410000E+05        1.6894000000E-03
        1.7308390000E+04        1.2921800000E-02
        3.9328534000E+03        6.4556600000E-02
        1.1077723000E+03        2.2287210000E-01
        3.5963336000E+02        4.6683360000E-01
        1.2369988000E+02        3.7268700000E-01
        2.3912180000E+02        1.0936400000E-01
        2.8268127000E+01       -6.2943770000E-01
        1.1750566000E+01       -4.4498710000E-01
        2.1829964000E+01        2.3187340000E-01
        3.6088257000E+00       -7.2724570000E-01
        1.5164865000E+00       -4.0558660000E-01
        2.5209367000E+00        2.2026260000E-01
        4.0934150000E-01       -7.1631210000E-01
        1.5309530000E-01        1.0000000000E+00
        1.5803739000E+03        8.1757000000E-03
        3.7309755000E+02        6.2552500000E-02
        1.1835233000E+02        2.4847450000E-01
        4.2858955000E+01        5.0541370000E-01
        1.5977874000E+01        3.5234430000E-01
        8.7533275000E+00        3.2835040000E-01
        3.5160335000E+00        5.4379910000E-01
        1.4307378000E+00        2.3578590000E-01
        7.0915080000E-01       -3.2441620000E-01
        2.6568350000E-01       -5.3954160000E-01
        9.4399500000E-02        1.0000000000E+00
        6.1514414000E+01        5.9577700000E-02
        1.7161983000E+01        2.8437810000E-01
        5.5384706000E+00        5.2818560000E-01
        1.6848166000E+00        4.0477240000E-01
        3.6200000000E-01        1.0000000000E+00
# KRYPTON
#
# Primary Functions: (15s,11p,5d) -> [5s,4p,2d]
# Augmenting Functions: (15s,11p,5d)->[5s,4p,2d]
gaussian
 36 31 11
 6 3 3 2 1 5 3 2 1 4 1 
 0 0 0 0 0 1 1 1 1 2 2 
        1.2109587000E+05       -1.7062000000E-03
        1.8179499000E+04       -1.3037200000E-02
        4.1350244000E+03       -6.4991500000E-02
        1.1665606000E+03       -2.2366780000E-01
        3.7952584000E+02       -4.6658390000E-01
        1.3087605000E+02       -3.7150060000E-01
        2.5348193000E+02        1.0972650000E-01
        3.0046232000E+01       -6.3018010000E-01
        1.2525789000E+01       -4.4424480000E-01
        2.3269098000E+01       -2.3436070000E-01
        3.8678875000E+00        7.3518940000E-01
        1.6436802000E+00        3.9837980000E-01
        2.7904565000E+00        2.3057670000E-01
        4.6764850000E-01       -7.2494650000E-01
        1.7508990000E-01        1.0000000000E+00
        1.6598844000E+03       -8.3195000000E-03
        3.9252006000E+02       -6.3394100000E-02
        1.2489496000E+02       -2.5001950000E-01
        4.5428589000E+01       -5.0492660000E-01
        1.7016209000E+01       -3.4979570000E-01
        9.3987393000E+00       -3.2901420000E-01
        3.8150619000E+00       -5.4381780000E-01
        1.5717667000E+00       -2.3245680000E-01
        8.1017450000E-01        3.3733380000E-01
        3.0647470000E-01        5.3529310000E-01
        1.0935400000E-01        1.0000000000E+00
        6.7819399000E+01        5.8071900000E-02
        1.9003541000E+01        2.8127750000E-01
        6.1890315000E+00        5.3010520000E-01
        1.9192995000E+00        4.0085330000E-01
        4.0200000000E-01        1.0000000000E+00
# RUBIDIUM
#
# Primary Functions: (18s,12p,6d) -> [6s,5p,2d]
# Augmenting Functions: (18s,12p,6d)->[6s,5p,2d]
gaussian
 37 36 13
 6 3 3 3 2 1 5 3 2 1 1 5 1 
 0 0 0 0 0 0 1 1 1 1 1 2 2 
        1.3151506000E+05       -1.6499000000E-03
        1.9719217000E+04       -1.2637200000E-02
        4.4743040000E+03       -6.3384200000E-02
        1.2577508000E+03       -2.2010850000E-01
        1.3981533000E+02       -3.7748000000E-01
        4.0751700000E+02       -4.6593210000E-01
        2.6784558000E+02        1.1022850000E-01
        3.2002599000E+01       -6.2605580000E-01
        1.3411946000E+01       -4.4841620000E-01
        2.4685461000E+01       -2.3786790000E-01
        4.1766912000E+00        7.3124140000E-01
        1.8093356000E+00        4.0378990000E-01
        3.0379536000E+00        2.4708080000E-01
        5.4666660000E-01       -7.2794530000E-01
        2.2100440000E-01       -4.1950150000E-01
        3.0079900000E-01       -1.4763920000E-01
        3.7747900000E-02        7.6435710000E-01
        1.5984000000E-02        1.0000000000E+00
        1.8138928000E+03        7.9110000000E-03
        4.2815812000E+02        6.0908100000E-02
        1.3584109000E+02        2.4442330000E-01
        4.9252882000E+01        5.0442210000E-01
        1.8408753000E+01        3.5775040000E-01
        1.0102383000E+01        3.2762150000E-01
        4.1521422000E+00        5.4185070000E-01
        1.7413779000E+00        2.3299810000E-01
        9.4123370000E-01       -3.4597010000E-01
        3.7909040000E-01       -5.4081540000E-01
        1.4350020000E-01        1.0000000000E+00
        3.5800000000E-02        1.0000000000E+00
        1.3085515000E+02        2.0273700000E-02
        3.7952944000E+01        1.2666240000E-01
        1.3467338000E+01        3.5776860000E-01
        4.9424752000E+00        4.9204490000E-01
        1.7083314000E+00        2.7985080000E-01
        6.0000000000E-02        1.0000000000E+00
# STRONTIUM
#
# Primary Functions: (18s,12p,9d) -> [6s,5p,3d]
# Augmenting Functions: (18s,12p,9d)->[6s,5p,3d]
gaussian
 38 39 14
 6 3 3 3 2 1 5 3 2 1 1 5 3 1 
 0 0 0 0 0 0 1 1 1 1 1 2 2 2 
        1.3960084000E+05       -1.6378000000E-03
        2.0926659000E+04       -1.2549900000E-02
        4.7462276000E+03       -6.3023800000E-02
        1.3333111000E+03       -2.1929390000E-01
        4.3168069000E+02       -4.6579140000E-01
        1.4800238000E+02       -3.7876580000E-01
        2.8306519000E+02       -1.1056330000E-01
        3.3893445000E+01        6.2673300000E-01
        1.4249833000E+01        4.4769670000E-01
        2.6238979000E+01       -2.4018350000E-01
        4.4540778000E+00        7.4071440000E-01
        1.9483734000E+00        3.9499940000E-01
        3.3118117000E+00       -2.6237860000E-01
        6.2127800000E-01        7.5298030000E-01
        2.6072110000E-01        4.0203210000E-01
        3.9263120000E-01       -1.7315450000E-01
        5.6524200000E-02        7.4828080000E-01
        2.3739600000E-02        1.0000000000E+00
        1.9276125000E+03        7.8539000000E-03
        4.5511466000E+02        6.0561900000E-02
        1.4447812000E+02        2.4348580000E-01
        5.2462802000E+01        5.0396510000E-01
        1.9651785000E+01        3.5888530000E-01
        1.0775800000E+01       -3.3047700000E-01
        4.4620421000E+00       -5.4191470000E-01
        1.8943082000E+00       -2.2773870000E-01
        1.0524225000E+00        3.7238700000E-01
        4.4024900000E-01        5.3487950000E-01
        1.7565030000E-01        1.0000000000E+00
        4.6300000000E-02        1.0000000000E+00
        1.4312708000E+02        1.9651200000E-02
        4.1621804000E+01        1.2414180000E-01
        1.4836735000E+01        3.5542700000E-01
        5.4956655000E+00        4.9384180000E-01
        1.9302776000E+00        2.7742540000E-01
        9.1409510000E-01       -2.1602490000E-01
        3.4593790000E-01       -2.7058490000E-01
        1.2241880000E-01       -5.1606140000E-01
        7.8000000000E-02        1.0000000000E+00
# YTTRIUM
#
# Primary Functions: (18s,12p,9d) -> [6s,5p,3d]
# Augmenting Functions: (18s,12p,9d)->[6s,5p,3d]
gaussian
 39 39 14
 6 3 3 3 2 1 5 3 2 1 1 5 3 1 
 0 0 0 0 0 0 1 1 1 1 1 2 2 2 
        1.4719699000E+05        1.6364000000E-03
        2.2066574000E+04        1.2537200000E-02
        5.0053894000E+03        6.2955200000E-02
        1.4063860000E+03        2.1906560000E-01
        4.5553662000E+02        4.6550180000E-01
        1.5628319000E+02        3.7925050000E-01
        2.9895115000E+02        1.1080660000E-01
        3.5781585000E+01       -6.2938000000E-01
        1.5071000000E+01       -4.4499430000E-01
        2.7841738000E+01        2.4233880000E-01
        4.7324406000E+00       -7.5309830000E-01
        2.0840820000E+00       -3.8329470000E-01
        3.6285134000E+00        2.7254800000E-01
        6.9598990000E-01       -7.6602650000E-01
        2.9185790000E-01       -3.9521020000E-01
        4.2479370000E-01        1.8473830000E-01
        6.4325400000E-02       -7.6524650000E-01
        2.5969000000E-02        1.0000000000E+00
        2.0455614000E+03       -7.7963000000E-03
        4.8306531000E+02       -6.0199700000E-02
        1.5345325000E+02       -2.4248550000E-01
        5.5792035000E+01       -5.0361480000E-01
        2.0934875000E+01       -3.6004740000E-01
        1.1447531000E+01       -3.3522340000E-01
        4.7602696000E+00       -5.4332780000E-01
        2.0395849000E+00       -2.1950770000E-01
        1.1815298000E+00       -3.8298970000E-01
        4.9856170000E-01       -5.2926420000E-01
        2.0057950000E-01        1.0000000000E+00
        5.3500000000E-02        1.0000000000E+00
        1.6347263000E+02        1.7478500000E-02
        4.7645344000E+01        1.1390840000E-01
        1.7065635000E+01        3.4044510000E-01
        6.3988715000E+00        4.9576760000E-01
        2.3007206000E+00        2.9384990000E-01
        1.5022957000E+00        1.9480340000E-01
        4.5494000000E-01        4.7826090000E-01
        1.2656150000E-01        5.7108450000E-01
        2.8500000000E-02        1.0000000000E+00
# ZIRCONIUM
#
# Primary Functions: (18s,12p,9d) -> [6s,5p,3d]
# Augmenting Functions: (18s,12p,9d)->[6s,5p,3d]
gaussian
 40 39 14
 6 3 3 3 2 1 5 3 2 1 1 5 3 1 
 0 0 0 0 0 0 1 1 1 1 1 2 2 2 
        1.5475961000E+05        1.6380000000E-03
        2.3203448000E+04        1.2546200000E-02
        5.2648042000E+03        6.2972100000E-02
        1.4799713000E+03        2.1899160000E-01
        4.7971858000E+02        4.6524230000E-01
        1.6471597000E+02        3.7945770000E-01
        3.1493173000E+02        1.1113470000E-01
        3.7805987000E+01       -6.2929350000E-01
        1.5970234000E+01       -4.4508230000E-01
        2.9462766000E+01        2.4483390000E-01
        5.0379026000E+00       -7.6072430000E-01
        2.2358209000E+00       -3.7673390000E-01
        3.9415221000E+00       -2.8196390000E-01
        7.7735420000E-01        7.7376580000E-01
        3.2766990000E-01        3.9367400000E-01
        4.7665330000E-01       -1.8520310000E-01
        7.4204700000E-02        7.4448720000E-01
        2.9367700000E-02        1.0000000000E+00
        2.1777945000E+03       -7.6791000000E-03
        5.1419091000E+02       -5.9478300000E-02
        1.6331121000E+02       -2.4073040000E-01
        5.9394590000E+01       -5.0320790000E-01
        2.2307656000E+01       -3.6239510000E-01
        1.2174666000E+01       -3.3741390000E-01
        5.0974209000E+00       -5.4336430000E-01
        2.2052320000E+00       -2.1533070000E-01
        1.3125044000E+00       -3.9460160000E-01
        5.5904420000E-01       -5.2429790000E-01
        2.2701450000E-01        1.0000000000E+00
        5.9600000000E-02        1.0000000000E+00
        1.7991428000E+02        1.6559200000E-02
        5.2518687000E+01        1.0970420000E-01
        1.8870254000E+01        3.3469950000E-01
        7.1277747000E+00        4.9743770000E-01
        2.5954845000E+00        2.9760560000E-01
        1.7662955000E+00       -2.0674700000E-01
        5.5271310000E-01       -4.9562320000E-01
        1.5940010000E-01       -5.3520370000E-01
        3.5200000000E-02        1.0000000000E+00
# NIOBIUM
#
# Primary Functions: (18s,12p,9d) -> [6s,5p,3d]
# Augmenting Functions: (18s,12p,9d)->[6s,5p,3d]
gaussian
 41 39 14
 6 3 3 3 2 1 5 3 2 1 1 5 3 1 
 0 0 0 0 0 0 1 1 1 1 1 2 2 2 
        1.6151844000E+05        1.6519000000E-03
        2.4228125000E+04        1.2641300000E-02
        5.5021840000E+03        6.3331300000E-02
        1.5488033000E+03        2.1964900000E-01
        5.0295061000E+02        4.6501910000E-01
        1.7306900000E+02        3.7849350000E-01
        3.3147133000E+02       -1.1140850000E-01
        3.9850414000E+01        6.3032240000E-01
        1.6871947000E+01        4.4403670000E-01
        3.1140051000E+01        2.4713790000E-01
        5.3478117000E+00       -7.6999480000E-01
        2.3861171000E+00       -3.6848210000E-01
        4.2712924000E+00       -2.8955120000E-01
        8.6010710000E-01        7.8093940000E-01
        3.6298840000E-01        3.9166100000E-01
        5.3373310000E-01        1.8680770000E-01
        8.2848500000E-02       -7.2514560000E-01
        3.2213500000E-02        1.0000000000E+00
        2.2995578000E+03       -7.6498000000E-03
        5.4312805000E+02       -5.9284600000E-02
        1.7264752000E+02       -2.4012410000E-01
        6.2880700000E+01       -5.0286280000E-01
        2.3662907000E+01       -3.6303490000E-01
        1.2917423000E+01       -3.3996310000E-01
        5.4425230000E+00       -5.4340970000E-01
        2.3745651000E+00       -2.1094620000E-01
        1.4516914000E+00       -4.0216290000E-01
        6.2284850000E-01       -5.2021130000E-01
        2.5425670000E-01        1.0000000000E+00
        6.4900000000E-02        1.0000000000E+00
        1.9469324000E+02        1.6119100000E-02
        5.6948750000E+01        1.0768990000E-01
        2.0540995000E+01        3.3177670000E-01
        7.8193562000E+00        4.9793790000E-01
        2.8843399000E+00        2.9792100000E-01
        2.0330360000E+00       -2.1538580000E-01
        6.5209330000E-01       -5.0627150000E-01
        1.9238670000E-01       -5.1085220000E-01
        4.1700000000E-02        1.0000000000E+00
# MOLYBDENUM
#
# Primary Functions: (18s,12p,9d) -> [6s,5p,3d]
# Augmenting Functions: (18s,12p,9d)->[6s,5p,3d]
gaussian
 42 39 14
 6 3 3 3 2 1 5 3 2 1 1 5 3 1 
 0 0 0 0 0 0 1 1 1 1 1 2 2 2 
        1.7034394000E+05       -1.6423000000E-03
        2.5548859000E+04       -1.2571000000E-02
        5.8004887000E+03       -6.3036100000E-02
        1.6320785000E+03       -2.1893680000E-01
        5.2978964000E+02       -4.6475200000E-01
        1.8222550000E+02       -3.7972610000E-01
        3.4833319000E+02        1.1170180000E-01
        4.1978603000E+01       -6.3043450000E-01
        1.7818517000E+01       -4.4392430000E-01
        3.2858543000E+01       -2.4945020000E-01
        5.6718438000E+00        7.7815760000E-01
        2.5429626000E+00        3.6142870000E-01
        4.6121484000E+00        2.9592070000E-01
        9.4651160000E-01       -7.8503060000E-01
        3.9941420000E-01       -3.9216300000E-01
        5.8733550000E-01       -1.8498950000E-01
        9.0938400000E-02        7.0542660000E-01
        3.4753100000E-02        1.0000000000E+00
        2.4280420000E+03        7.6041000000E-03
        5.7359779000E+02        5.8997600000E-02
        1.8242914000E+02        2.3933600000E-01
        6.6517647000E+01        5.0252540000E-01
        2.5071874000E+01        3.6396970000E-01
        1.3679030000E+01       -3.4271100000E-01
        5.7958646000E+00       -5.4347500000E-01
        2.5476963000E+00       -2.0650350000E-01
        1.5962689000E+00        4.0849060000E-01
        6.8782000000E-01        5.1685540000E-01
        2.8147020000E-01        1.0000000000E+00
        6.9700000000E-02        1.0000000000E+00
        2.1104075000E+02       -1.5570900000E-02
        6.1822591000E+01       -1.0513940000E-01
        2.2365748000E+01       -3.2805760000E-01
        8.5687267000E+00       -4.9873000000E-01
        3.1940065000E+00       -2.9980070000E-01
        2.3040401000E+00       -2.2243020000E-01
        7.5354230000E-01       -5.1335610000E-01
        2.2590200000E-01       -4.9278120000E-01
        4.8200000000E-02        1.0000000000E+00
# TECHNETIUM
#
# Primary Functions: (18s,12p,9d) -> [6s,5p,3d]
# Augmenting Functions: (18s,12p,9d)->[6s,5p,3d]
gaussian
 43 39 14
 6 3 3 3 2 1 5 3 2 1 1 5 3 1 
 0 0 0 0 0 0 1 1 1 1 1 2 2 2 
        1.7968619000E+05       -1.6302000000E-03
        2.6943263000E+04       -1.2483900000E-02
        6.1143029000E+03       -6.2676600000E-02
        1.7192835000E+03       -2.1809350000E-01
        5.5774914000E+02       -4.6449360000E-01
        1.9170466000E+02       -3.8115960000E-01
        3.6560662000E+02        1.1199610000E-01
        4.4182321000E+01       -6.3013750000E-01
        1.8802503000E+01       -4.4423140000E-01
        3.4621941000E+01       -2.5167210000E-01
        6.0080799000E+00        7.8536700000E-01
        2.7051262000E+00        3.5534390000E-01
        4.9630143000E+00        3.0124060000E-01
        1.0356513000E+00       -7.8669860000E-01
        4.3715540000E-01       -3.9442380000E-01
        6.4301250000E-01       -1.7817230000E-01
        9.8006600000E-02        6.7576940000E-01
        3.7216400000E-02        1.0000000000E+00
        2.5610052000E+03        7.5974000000E-03
        6.0485698000E+02        5.8219000000E-02
        1.9281618000E+02        2.4019940000E-01
        6.9518240000E+01        5.0846890000E-01
        2.6210575000E+01        3.5774000000E-01
        1.0708955000E+02       -2.3793200000E-02
        1.2237613000E+01        4.9521800000E-01
        4.4912118000E+00        5.8125430000E-01
        1.8484030000E+00       -3.8179620000E-01
        7.7112820000E-01       -5.4360580000E-01
        3.1068710000E-01        1.0000000000E+00
        7.6500000000E-02        1.0000000000E+00
        2.2883732000E+02       -1.4965700000E-02
        6.7165766000E+01       -1.0206900000E-01
        2.4376220000E+01       -3.2311630000E-01
        9.3936148000E+00       -4.9936460000E-01
        3.5347228000E+00       -3.0381080000E-01
        2.6524986000E+00       -2.2115620000E-01
        8.9490990000E-01       -5.1069900000E-01
        2.7688700000E-01       -4.8757960000E-01
        6.4600000000E-02        1.0000000000E+00
# RUTHENIUM
#
# Primary Functions: (18s,12p,9d) -> [6s,5p,3d]
# Augmenting Functions: (18s,12p,9d)->[6s,5p,3d]
gaussian
 44 39 14
 6 3 3 3 2 1 5 3 2 1 1 5 3 1 
 0 0 0 0 0 0 1 1 1 1 1 2 2 2 
        1.8836370000E+05       -1.6283000000E-03
        2.8246154000E+04       -1.2468000000E-02
        6.4104558000E+03       -6.2598800000E-02
        1.8027696000E+03       -2.1784820000E-01
        5.8499810000E+02       -4.6426620000E-01
        2.0114280000E+02       -3.8163520000E-01
        3.8336292000E+02       -1.1225130000E-01
        4.6409099000E+01        6.3063010000E-01
        1.9792436000E+01        4.4373510000E-01
        3.6437176000E+01       -2.5381610000E-01
        6.3516227000E+00        7.9359270000E-01
        2.8675119000E+00        3.4823810000E-01
        5.3311415000E+00        3.0560420000E-01
        1.1272716000E+00       -7.8808340000E-01
        4.7577670000E-01       -3.9627280000E-01
        7.0971610000E-01        1.7436610000E-01
        1.0185850000E-01       -6.6660110000E-01
        3.8362700000E-02        1.0000000000E+00
        2.6807499000E+03       -7.6319000000E-03
        6.3320760000E+02       -5.8487600000E-02
        2.0199995000E+02       -2.4094530000E-01
        7.2965137000E+01       -5.0838160000E-01
        2.7591142000E+01       -3.5640230000E-01
        1.1237554000E+02        2.3953800000E-02
        1.2970494000E+01       -4.9591820000E-01
        4.8000426000E+00       -5.7958460000E-01
        2.0022824000E+00        3.9094790000E-01
        8.3448040000E-01        5.3994330000E-01
        3.3682390000E-01        1.0000000000E+00
        8.2000000000E-02        1.0000000000E+00
        2.4446943000E+02       -1.4756400000E-02
        7.1827581000E+01       -1.0124690000E-01
        2.6135455000E+01       -3.2211650000E-01
        1.0132053000E+01       -4.9925980000E-01
        3.8536072000E+00       -3.0267710000E-01
        2.9850999000E+00        2.2214270000E-01
        1.0287513000E+00        5.0996120000E-01
        3.2463850000E-01        4.8174610000E-01
        7.8700000000E-02        1.0000000000E+00
# RHODIUM
#
# Primary Functions: (18s,12p,9d) -> [6s,5p,3d]
# Augmenting Functions: (18s,12p,9d)->[6s,5p,3d]
gaussian
 45 39 14
 6 3 3 3 2 1 5 3 2 1 1 5 3 1 
 0 0 0 0 0 0 1 1 1 1 1 2 2 2 
        1.9439954000E+05       -1.6557000000E-03
        2.9173202000E+04       -1.2659200000E-02
        6.6309115000E+03       -6.3341600000E-02
        1.8691158000E+03       -2.1933290000E-01
        6.0835128000E+02       -4.6413470000E-01
        2.0992021000E+02       -3.7931390000E-01
        4.0164960000E+02       -1.1246410000E-01
        4.8657116000E+01        6.3202220000E-01
        2.0783860000E+01        4.4233070000E-01
        3.8301872000E+01       -2.5584840000E-01
        6.7034662000E+00        8.0201830000E-01
        3.0313647000E+00        3.4090330000E-01
        5.7142594000E+00        3.0907200000E-01
        1.2196848000E+00       -7.9137800000E-01
        5.1315450000E-01       -3.9568220000E-01
        7.7922840000E-01        1.7310670000E-01
        1.0527620000E-01       -6.5524290000E-01
        3.9417400000E-02        1.0000000000E+00
        2.8075195000E+03       -7.6445000000E-03
        6.6357601000E+02       -5.8528400000E-02
        2.1194292000E+02       -2.4092560000E-01
        7.6677617000E+01       -5.0812330000E-01
        2.9060298000E+01       -3.5620860000E-01
        1.1786437000E+02        2.4124100000E-02
        1.3719225000E+01       -4.9692910000E-01
        5.1161393000E+00       -5.7769920000E-01
        2.1636268000E+00        3.9793950000E-01
        9.0177590000E-01        5.3619140000E-01
        3.6471450000E-01        1.0000000000E+00
        8.8200000000E-02        1.0000000000E+00
        2.6335664000E+02       -1.4268600000E-02
        7.7388640000E+01       -9.9021800000E-02
        2.8197650000E+01       -3.1900270000E-01
        1.0976687000E+01       -4.9992670000E-01
        4.2068087000E+00       -3.0469890000E-01
        3.3322714000E+00        2.2214710000E-01
        1.1672176000E+00        5.0960830000E-01
        3.7332670000E-01        4.7790620000E-01
        9.2400000000E-02        1.0000000000E+00
# PALLADIUM
#
# Primary Functions: (18s,12p,9d) -> [6s,5p,3d]
# Augmenting Functions: (18s,12p,9d)->[6s,5p,3d]
gaussian
 46 39 14
 6 3 3 3 2 1 5 3 2 1 1 5 3 1 
 0 0 0 0 0 0 1 1 1 1 1 2 2 2 
        2.0719310000E+05        1.6166000000E-03
        3.1063772000E+04        1.2382200000E-02
        7.0477495000E+03        6.2232300000E-02
        1.9812001000E+03        2.1692190000E-01
        6.4275338000E+02        4.6381870000E-01
        2.2095334000E+02        3.8327710000E-01
        4.2008860000E+02        1.1274460000E-01
        5.1043839000E+01       -6.3118580000E-01
        2.1860117000E+01       -4.4318190000E-01
        4.0201336000E+01        2.5796900000E-01
        7.0760011000E+00       -8.0795260000E-01
        3.2086931000E+00       -3.3617300000E-01
        6.1041967000E+00       -3.1233860000E-01
        1.3179249000E+00        7.9114630000E-01
        5.5345370000E-01        3.9862190000E-01
        8.2336030000E-01       -1.6230370000E-01
        1.0882260000E-01        6.4480500000E-01
        4.0126800000E-02        1.0000000000E+00
        2.9724214000E+03       -7.5091000000E-03
        7.0211490000E+02       -5.7701100000E-02
        2.2406464000E+02       -2.3901530000E-01
        8.1023678000E+01       -5.0764660000E-01
        3.0725305000E+01       -3.5898040000E-01
        1.2325971000E+02        2.4235800000E-02
        1.4511928000E+01       -4.9683310000E-01
        5.4488286000E+00       -5.7700640000E-01
        2.3322949000E+00        4.0367940000E-01
        9.7112590000E-01        5.3336480000E-01
        3.9282890000E-01        1.0000000000E+00
        9.0400000000E-02        1.0000000000E+00
        2.8267187000E+02        1.3830900000E-02
        8.3165098000E+01        9.6832700000E-02
        3.0358538000E+01        3.1556610000E-01
        1.1862748000E+01        5.0070920000E-01
        4.5710013000E+00        3.0724510000E-01
        3.5936515000E+00        2.3146030000E-01
        1.2599726000E+00        5.1503040000E-01
        4.0041960000E-01        4.6550960000E-01
        9.5200000000E-02        1.0000000000E+00
# SILVER
#
# Primary Functions: (18s,12p,9d) -> [6s,5p,3d]
# Augmenting Functions: (18s,12p,9d)->[6s,5p,3d]
gaussian
 47 39 14
 6 3 3 3 2 1 5 3 2 1 1 5 3 1 
 0 0 0 0 0 0 1 1 1 1 1 2 2 2 
        2.1508606000E+05       -1.6282000000E-03
        3.2258588000E+04       -1.2462100000E-02
        7.3243644000E+03       -6.2533900000E-02
        2.0613101000E+03       -2.1748460000E-01
        6.6974756000E+02       -4.6366480000E-01
        2.3064332000E+02       -3.8243120000E-01
        4.3915415000E+02        1.1295710000E-01
        5.3421939000E+01       -6.3200980000E-01
        2.2916851000E+01       -4.4235420000E-01
        4.2156406000E+01       -2.5990670000E-01
        7.4525892000E+00        8.1502610000E-01
        3.3834738000E+00        3.3020850000E-01
        6.5120304000E+00        3.1484730000E-01
        1.4164639000E+00       -7.9277250000E-01
        5.9312070000E-01       -3.9906820000E-01
        8.9276310000E-01       -1.6100010000E-01
        1.1075100000E-01        6.4155710000E-01
        4.0647500000E-02        1.0000000000E+00
        3.1104582000E+03        7.5054000000E-03
        7.3504937000E+02        5.7651100000E-02
        2.3478029000E+02        2.3881600000E-01
        8.5002225000E+01        5.0739840000E-01
        3.2294787000E+01        3.5908470000E-01
        1.2899157000E+02       -2.4395500000E-02
        1.5303213000E+01        4.9789270000E-01
        5.7835900000E+00        5.7521850000E-01
        2.5052560000E+00       -4.0911230000E-01
        1.0423256000E+00       -5.3032570000E-01
        4.2178770000E-01        1.0000000000E+00
        9.8600000000E-02        1.0000000000E+00
        3.1027356000E+02       -1.2808000000E-02
        9.1144338000E+01       -9.1781700000E-02
        3.3219617000E+01       -3.0792960000E-01
        1.2983148000E+01       -5.0269520000E-01
        5.0137566000E+00       -3.1585620000E-01
        3.9789803000E+00        2.2894090000E-01
        1.4220407000E+00        5.1065960000E-01
        4.6260390000E-01        4.6606270000E-01
        1.1620000000E-01        1.0000000000E+00
# CADMIUM
#
# Primary Functions: (18s,12p,9d) -> [6s,5p,3d]
# Augmenting Functions: (18s,12p,9d)->[6s,5p,3d]
gaussian
 48 39 14
 6 3 3 3 2 1 5 3 2 1 1 5 3 1 
 0 0 0 0 0 0 1 1 1 1 1 2 2 2 
        2.2537946000E+05        1.6194000000E-03
        3.3798158000E+04        1.2397600000E-02
        7.6716419000E+03        6.2265600000E-02
        2.1581271000E+03        2.1683280000E-01
        7.0093157000E+02        4.6341490000E-01
        2.4126502000E+02        3.8357140000E-01
        4.5853463000E+02        1.1319400000E-01
        5.5894077000E+01       -6.3183820000E-01
        2.4031442000E+01       -4.4252070000E-01
        4.4149814000E+01        2.6190170000E-01
        7.8498518000E+00       -8.1975650000E-01
        3.5739404000E+00       -3.2664510000E-01
        6.9148481000E+00       -3.1930360000E-01
        1.5269953000E+00        7.9084490000E-01
        6.4915300000E-01        4.0368590000E-01
        9.7963690000E-01       -1.6898890000E-01
        1.3500070000E-01        6.3925610000E-01
        4.9219300000E-02        1.0000000000E+00
        3.2865491000E+03       -7.3707000000E-03
        7.7672654000E+02       -5.6725800000E-02
        2.4806988000E+02       -2.3638250000E-01
        8.9772143000E+01       -5.0667760000E-01
        3.4112902000E+01       -3.6269490000E-01
        1.3466571000E+02        2.4516800000E-02
        1.6142855000E+01       -4.9764830000E-01
        6.1401879000E+00       -5.7472800000E-01
        2.6903112000E+00        4.1315050000E-01
        1.1263601000E+00        5.2994290000E-01
        4.6189700000E-01        1.0000000000E+00
        1.1240000000E-01        1.0000000000E+00
        3.2387850000E+02        1.3033300000E-02
        9.5514820000E+01        9.2614700000E-02
        3.5013354000E+01        3.0850420000E-01
        1.3787057000E+01        5.0113720000E-01
        5.3857296000E+00        3.1328800000E-01
        4.4592175000E+00        2.2298320000E-01
        1.6378356000E+00        5.1181750000E-01
        5.5511580000E-01        4.5882060000E-01
        1.4780000000E-01        1.0000000000E+00
# INDIUM
#
# Primary Functions: (18s,14p,9d) -> [6s,5p,3d]
# Augmenting Functions: (18s,14p,9d)->[6s,5p,3d]
gaussian
 49 41 14
 6 3 3 3 2 1 5 3 3 2 1 5 3 1 
 0 0 0 0 0 0 1 1 1 1 1 2 2 2 
        2.3586112000E+05       -1.6114000000E-03
        3.5365283000E+04       -1.2339900000E-02
        8.0252589000E+03       -6.2023800000E-02
        2.2567679000E+03       -2.1624070000E-01
        7.3273538000E+02       -4.6316740000E-01
        2.5211518000E+02       -3.8461920000E-01
        4.7837678000E+02       -1.1341490000E-01
        5.8408652000E+01        6.3198630000E-01
        2.5166072000E+01        4.4235820000E-01
        4.6206297000E+01       -2.6374620000E-01
        8.2521932000E+00        8.2570030000E-01
        3.7616341000E+00        3.2178740000E-01
        7.3377253000E+00        3.2327030000E-01
        1.6380034000E+00       -7.9130410000E-01
        7.0771280000E-01       -4.0529350000E-01
        1.0796188000E+00        1.9167570000E-01
        1.6346500000E-01       -6.7696900000E-01
        6.0867600000E-02        1.0000000000E+00
        3.4336412000E+03       -7.3653000000E-03
        8.1131519000E+02       -5.6745600000E-02
        2.5914879000E+02       -2.3656630000E-01
        9.3891843000E+01       -5.0642420000E-01
        3.5771107000E+01       -3.6234340000E-01
        1.4041031000E+02        2.4672200000E-02
        1.7022779000E+01       -4.9653230000E-01
        6.5292809000E+00       -5.7485980000E-01
        2.8859793000E+00        4.1512220000E-01
        1.2195438000E+00        5.2798920000E-01
        5.1521360000E-01        1.4713520000E-01
        2.7325220000E-01       -2.3920500000E-01
        9.8972400000E-02       -5.6371240000E-01
        3.5133000000E-02        1.0000000000E+00
        3.3748528000E+02        1.3270100000E-02
        9.9570661000E+01        9.4248300000E-02
        3.6596625000E+01        3.1097020000E-01
        1.4499205000E+01        5.0042930000E-01
        5.6939458000E+00        3.0847180000E-01
        4.3763223000E+00        2.7130870000E-01
        1.5233570000E+00        5.5544820000E-01
        4.7834560000E-01        3.8588030000E-01
        1.2700000000E-01        1.0000000000E+00
# TIN
#
# Primary Functions: (18s,14p,9d) -> [6s,5p,3d]
# Augmenting Functions: (18s,14p,9d)->[6s,5p,3d]
gaussian
 50 41 14
 6 3 3 3 2 1 5 3 3 2 1 5 3 1 
 0 0 0 0 0 0 1 1 1 1 1 2 2 2 
        2.4504736000E+05       -1.6162000000E-03
        3.6750026000E+04       -1.2371100000E-02
        8.3427735000E+03       -6.2133900000E-02
        2.3474723000E+03       -2.1639770000E-01
        7.6283620000E+02       -4.6297490000E-01
        2.6273793000E+02       -3.8444780000E-01
        4.9873283000E+02       -1.1360520000E-01
        6.0950458000E+01        6.3271820000E-01
        2.6305610000E+01        4.4160860000E-01
        4.8303913000E+01       -2.6553590000E-01
        8.6671437000E+00        8.3088970000E-01
        3.9564692000E+00        3.1767240000E-01
        7.7681446000E+00       -3.2757650000E-01
        1.7526836000E+00        7.9394680000E-01
        7.7029610000E-01        4.0493410000E-01
        1.2005155000E+00       -2.1484200000E-01
        1.9470260000E-01        7.0261140000E-01
        7.4274100000E-02        1.0000000000E+00
        3.5816969000E+03       -7.3659000000E-03
        8.4674434000E+02       -5.6709700000E-02
        2.7073208000E+02       -2.3633750000E-01
        9.8218372000E+01       -5.0602840000E-01
        3.7496067000E+01       -3.6260460000E-01
        1.4634338000E+02        2.4818400000E-02
        1.7909963000E+01       -4.9619260000E-01
        6.9164132000E+00       -5.7442560000E-01
        3.0806013000E+00        4.1930380000E-01
        1.3119684000E+00        5.2890390000E-01
        5.5868590000E-01        1.3917010000E-01
        3.0090370000E-01       -2.9992500000E-01
        1.1542730000E-01       -5.6151550000E-01
        4.3403300000E-02        1.0000000000E+00
        3.5424033000E+02       -1.3298200000E-02
        1.0471075000E+02       -9.4327000000E-02
        3.8606721000E+01       -3.1107820000E-01
        1.5371790000E+01       -4.9958390000E-01
        6.0921833000E+00       -3.0691380000E-01
        4.8471988000E+00       -2.6645580000E-01
        1.7287563000E+00       -5.5816140000E-01
        5.6542830000E-01       -3.7615910000E-01
        1.5400000000E-01        1.0000000000E+00
# ANTIMONY
#
# Primary Functions: (18s,14p,9d) -> [6s,5p,3d]
# Augmenting Functions: (18s,14p,9d)->[6s,5p,3d]
gaussian
 51 41 14
 6 3 3 3 2 1 5 3 3 2 1 5 3 1 
 0 0 0 0 0 0 1 1 1 1 1 2 2 2 
        2.5607333000E+05        1.6078000000E-03
        3.8397817000E+04        1.2310800000E-02
        8.7143415000E+03        6.1882200000E-02
        2.4510514000E+03        2.1578090000E-01
        7.9619247000E+02        4.6274030000E-01
        2.7409077000E+02        3.8552500000E-01
        5.1932174000E+02       -1.1382730000E-01
        6.3601065000E+01        6.3233450000E-01
        2.7510965000E+01        4.4198750000E-01
        5.0444974000E+01       -2.6733140000E-01
        9.0971555000E+00        8.3517080000E-01
        4.1604915000E+00        3.1448690000E-01
        8.2092774000E+00        3.3195850000E-01
        1.8705087000E+00       -7.9852200000E-01
        8.3479070000E-01       -4.0279370000E-01
        1.3261741000E+00       -2.3424290000E-01
        2.2737370000E-01        7.2142250000E-01
        8.7776900000E-02        1.0000000000E+00
        3.7620537000E+03        7.2735000000E-03
        8.8908808000E+02        5.6126100000E-02
        2.8415403000E+02        2.3492950000E-01
        1.0307294000E+02        5.0553880000E-01
        3.9384222000E+01        3.6468550000E-01
        1.5231598000E+02        2.4955500000E-02
        1.8830571000E+01       -4.9546160000E-01
        7.3182696000E+00       -5.7443570000E-01
        3.2844080000E+00       -4.2284120000E-01
        1.4113934000E+00       -5.2859780000E-01
        6.0814560000E-01       -1.3314470000E-01
        3.4968180000E-01       -3.2125220000E-01
        1.3927800000E-01       -5.5340510000E-01
        5.4026200000E-02        1.0000000000E+00
        3.8157661000E+02        1.2640100000E-02
        1.1270694000E+02        9.1012500000E-02
        4.1531027000E+01        3.0606040000E-01
        1.6546109000E+01        5.0078230000E-01
        6.5775021000E+00        3.1232280000E-01
        5.3229522000E+00        2.6280880000E-01
        1.9379668000E+00        5.6021200000E-01
        6.5518290000E-01        3.6820200000E-01
        1.8200000000E-01        1.0000000000E+00
# TELLURIUM
#
# Primary Functions: (18s,14p,9d) -> [6s,5p,3d]
# Augmenting Functions: (18s,14p,9d)->[6s,5p,3d]
gaussian
 52 41 14
 6 3 3 3 2 1 5 3 3 2 1 5 3 1 
 0 0 0 0 0 0 1 1 1 1 1 2 2 2 
        2.6546704000E+05       -1.6137000000E-03
        3.9815857000E+04       -1.2350200000E-02
        9.0402222000E+03       -6.2025400000E-02
        2.5444469000E+03       -2.1600780000E-01
        8.2731644000E+02       -4.6256150000E-01
        2.8511675000E+02       -3.8523610000E-01
        5.4045125000E+02        1.1401640000E-01
        6.6270548000E+01       -6.3271320000E-01
        2.8716378000E+01       -4.4159600000E-01
        5.2637588000E+01        2.6903760000E-01
        9.5365952000E+00       -8.3962250000E-01
        4.3672865000E+00       -3.1108860000E-01
        8.6619854000E+00       -3.3633940000E-01
        1.9915548000E+00        8.0481050000E-01
        9.0078500000E-01        3.9905750000E-01
        1.4550912000E+00        2.4955120000E-01
        2.6021480000E-01       -7.3869600000E-01
        1.0190780000E-01        1.0000000000E+00
        3.9502179000E+03       -7.1737000000E-03
        9.3393266000E+02       -5.5409800000E-02
        2.9849500000E+02       -2.3303180000E-01
        1.0824180000E+02       -5.0490130000E-01
        4.1377763000E+01       -3.6751170000E-01
        1.5846596000E+02       -2.5098900000E-02
        1.9771745000E+01        4.9491000000E-01
        7.7301177000E+00        5.7431770000E-01
        3.4938156000E+00        4.2660050000E-01
        1.5152995000E+00        5.2769610000E-01
        6.5961700000E-01        1.2771850000E-01
        4.0644180000E-01        3.3878270000E-01
        1.6253450000E-01        5.4186240000E-01
        6.2245600000E-02        1.0000000000E+00
        4.0516882000E+02       -1.2319700000E-02
        1.1978244000E+02       -8.9284700000E-02
        4.4181331000E+01       -3.0344280000E-01
        1.7636098000E+01       -5.0124300000E-01
        7.0441616000E+00       -3.1446610000E-01
        5.8214668000E+00       -2.5862910000E-01
        2.1579560000E+00       -5.6221190000E-01
        7.4877360000E-01       -3.6252210000E-01
        2.1200000000E-01        1.0000000000E+00
# IODINE
#
# Primary Functions: (18s,14p,9d) -> [6s,5p,3d]
# Augmenting Functions: (18s,14p,9d)->[6s,5p,3d]
gaussian
 53 41 14
 6 3 3 3 2 1 5 3 3 2 1 5 3 1 
 0 0 0 0 0 0 1 1 1 1 1 2 2 2 
        2.7484546000E+05       -1.6207000000E-03
        4.1233188000E+04       -1.2397600000E-02
        9.3667333000E+03       -6.2200700000E-02
        2.6384081000E+03       -2.1629380000E-01
        8.5877440000E+02       -4.6239490000E-01
        2.9630252000E+02       -3.8484170000E-01
        5.6183722000E+02        1.1422840000E-01
        6.9040146000E+01       -6.3229090000E-01
        2.9980635000E+01       -4.4201790000E-01
        5.4869684000E+01       -2.7079860000E-01
        9.9954585000E+00        8.4264720000E-01
        4.5888678000E+00        3.0916570000E-01
        9.1208256000E+00       -3.4102240000E-01
        2.1196787000E+00        8.1006500000E-01
        9.7089250000E-01        3.9675370000E-01
        1.5879965000E+00        2.6297110000E-01
        2.9533560000E-01       -7.5104120000E-01
        1.1640160000E-01        1.0000000000E+00
        4.0894554000E+03       -7.2366000000E-03
        9.6703359000E+02       -5.5839000000E-02
        3.0944213000E+02       -2.3402420000E-01
        1.1245886000E+02       -5.0470180000E-01
        4.3118590000E+01       -3.6596330000E-01
        1.6464620000E+02       -2.5233000000E-02
        2.0736583000E+01        4.9441910000E-01
        8.1558304000E+00        5.7414620000E-01
        3.7104872000E+00        4.2999550000E-01
        1.6249990000E+00        5.2623710000E-01
        7.1462160000E-01        1.2340630000E-01
        4.6281930000E-01        3.5372510000E-01
        1.8643120000E-01        5.3558300000E-01
        7.1483500000E-02        1.0000000000E+00
        4.1750324000E+02       -1.2725200000E-02
        1.2361483000E+02       -9.1521200000E-02
        4.5779039000E+01       -3.0709890000E-01
        1.8391663000E+01       -4.9963970000E-01
        7.4217932000E+00       -3.0830660000E-01
        6.2738586000E+00       -2.5930050000E-01
        2.3594146000E+00       -5.6507650000E-01
        8.3779660000E-01       -3.5236940000E-01
        2.4400000000E-01        1.0000000000E+00
# XENON
#
# Primary Functions: (18s,14p,9d) -> [6s,5p,3d]
# Augmenting Functions: (18s,14p,9d)->[6s,5p,3d]
gaussian
 54 41 14
 6 3 3 3 2 1 5 3 3 2 1 5 3 1 
 0 0 0 0 0 0 1 1 1 1 1 2 2 2 
        2.8734687000E+05        1.6071000000E-03
        4.3095301000E+04        1.2300100000E-02
        9.7841285000E+03        6.1802500000E-02
        2.7536384000E+03        2.1538810000E-01
        8.9543918000E+02        4.6214850000E-01
        3.0862368000E+02        3.8639710000E-01
        5.8395609000E+02       -1.1438460000E-01
        7.1785110000E+01        6.3322530000E-01
        3.1215704000E+01        4.4105870000E-01
        5.7171890000E+01       -2.7228310000E-01
        1.0450421000E+01        8.4784920000E-01
        4.7963432000E+00        3.0490360000E-01
        9.6014044000E+00       -3.4504860000E-01
        2.2451447000E+00        8.1961900000E-01
        1.0382427000E+00        3.8963110000E-01
        1.7261286000E+00        2.7454000000E-01
        3.3198920000E-01       -7.6094750000E-01
        1.3115160000E-01        1.0000000000E+00
        4.2595720000E+03        7.2162000000E-03
        1.0074760000E+03        5.5681700000E-02
        3.2255731000E+02        2.3357220000E-01
        1.1730657000E+02        5.0440390000E-01
        4.5043849000E+01        3.6652760000E-01
        1.7116083000E+02       -2.5392300000E-02
        2.1710363000E+01        4.9445310000E-01
        8.5862720000E+00        5.7350990000E-01
        3.9278209000E+00       -4.3476890000E-01
        1.7347255000E+00       -5.2419630000E-01
        7.6938130000E-01       -1.1848080000E-01
        5.2176710000E-01        3.6394880000E-01
        2.1238860000E-01        5.3025110000E-01
        8.1780900000E-02        1.0000000000E+00
        4.4354520000E+02       -1.2327800000E-02
        1.3156120000E+02       -8.9162700000E-02
        1.9660123000E+01       -4.9984010000E-01
        4.8816395000E+01       -3.0254280000E-01
        7.9564419000E+00       -3.1340450000E-01
        6.8245385000E+00       -2.5375490000E-01
        2.6049770000E+00       -5.6607080000E-01
        9.4221920000E-01       -3.5110780000E-01
        2.7500000000E-01        1.0000000000E+00
endbasis
