#  LANL08+  EMSL  Basis Set Exchange Library  7/27/16 3:33 PM
# Elements                             References
# --------                             ----------
# Sc   Ti   V   Cr   Mn   Fe   Co   Ni   Cu   Zn: P.J. Hay and W.R. Wadt, J. Chem. Phys. 82, 299 (1985).
# Sc   Ti   V   Cr   Mn   Fe   Co   Ni   Cu   Zn: L.E. Roy, P.J. Hay, and R.L. Martin, J. Chem. Theory Comput. 4, 1029 (2008).
# 




# This basis set uses spherical components
# SCANDIUM
#
# Primary Functions: (5s,5p,6d)
# Augmenting Functions: (5s,5p,6d)
gaussian
 21 16 16
 1 1 1 1 1 1 1 1 1 1 1 1 1 1 1 1 
 0 0 0 0 0 1 1 1 1 1 2 2 2 2 2 2 
        3.7170000000E+00        1.0000000000E+00
        1.0970000000E+00        1.0000000000E+00
        4.1640000000E-01        1.0000000000E+00
        7.6100000000E-02        1.0000000000E+00
        2.8400000000E-02        1.0000000000E+00
        1.0400000000E+01        1.0000000000E+00
        1.3110000000E+00        1.0000000000E+00
        4.2660000000E-01        1.0000000000E+00
        4.7000000000E-02        1.0000000000E+00
        1.4000000000E-02        1.0000000000E+00
        1.5130000000E+01        1.0000000000E+00
        4.2050000000E+00        1.0000000000E+00
        1.3030000000E+00        1.0000000000E+00
        3.6800000000E-01        1.0000000000E+00
        8.1200000000E-02        1.0000000000E+00
        2.5000000000E-02        1.0000000000E+00
# TITANIUM
#
# Primary Functions: (5s,5p,6d)
# Augmenting Functions: (5s,5p,6d)
gaussian
 22 16 16
 1 1 1 1 1 1 1 1 1 1 1 1 1 1 1 1 
 0 0 0 0 0 1 1 1 1 1 2 2 2 2 2 2 
        4.3720000000E+00        1.0000000000E+00
        1.0980000000E+00        1.0000000000E+00
        4.1780000000E-01        1.0000000000E+00
        8.7200000000E-02        1.0000000000E+00
        3.1400000000E-02        1.0000000000E+00
        1.2520000000E+01        1.0000000000E+00
        1.4910000000E+00        1.0000000000E+00
        4.8590000000E-01        1.0000000000E+00
        5.3000000000E-02        1.0000000000E+00
        1.6000000000E-02        1.0000000000E+00
        2.0210000000E+01        1.0000000000E+00
        5.4950000000E+00        1.0000000000E+00
        1.6990000000E+00        1.0000000000E+00
        4.8400000000E-01        1.0000000000E+00
        1.1570000000E-01        1.0000000000E+00
        3.4900000000E-02        1.0000000000E+00
# VANADIUM
#
# Primary Functions: (5s,5p,6d)
# Augmenting Functions: (5s,5p,6d)
gaussian
 23 16 16
 1 1 1 1 1 1 1 1 1 1 1 1 1 1 1 1 
 0 0 0 0 0 1 1 1 1 1 2 2 2 2 2 2 
        4.5900000000E+00        1.0000000000E+00
        1.4930000000E+00        1.0000000000E+00
        5.5700000000E-01        1.0000000000E+00
        9.7500000000E-02        1.0000000000E+00
        3.4200000000E-02        1.0000000000E+00
        1.3760000000E+01        1.0000000000E+00
        1.7120000000E+00        1.0000000000E+00
        5.5870000000E-01        1.0000000000E+00
        5.9000000000E-02        1.0000000000E+00
        1.8000000000E-02        1.0000000000E+00
        2.5700000000E+01        1.0000000000E+00
        6.5300000000E+00        1.0000000000E+00
        2.0780000000E+00        1.0000000000E+00
        6.2430000000E-01        1.0000000000E+00
        1.5420000000E-01        1.0000000000E+00
        4.6400000000E-02        1.0000000000E+00
# CHROMIUM
#
# Primary Functions: (5s,5p,6d)
# Augmenting Functions: (5s,5p,6d)
gaussian
 24 16 16
 1 1 1 1 1 1 1 1 1 1 1 1 1 1 1 1 
 0 0 0 0 0 1 1 1 1 1 2 2 2 2 2 2 
        5.3610000000E+00        1.0000000000E+00
        1.4490000000E+00        1.0000000000E+00
        5.4960000000E-01        1.0000000000E+00
        1.0520000000E-01        1.0000000000E+00
        3.6400000000E-02        1.0000000000E+00
        1.6420000000E+01        1.0000000000E+00
        1.9140000000E+00        1.0000000000E+00
        6.2410000000E-01        1.0000000000E+00
        6.3000000000E-02        1.0000000000E+00
        1.9000000000E-02        1.0000000000E+00
        2.8950000000E+01        1.0000000000E+00
        7.7080000000E+00        1.0000000000E+00
        2.4950000000E+00        1.0000000000E+00
        7.6550000000E-01        1.0000000000E+00
        1.8890000000E-01        1.0000000000E+00
        5.8700000000E-02        1.0000000000E+00
# MANGANESE
#
# Primary Functions: (5s,5p,6d)
# Augmenting Functions: (5s,5p,6d)
gaussian
 25 16 16
 1 1 1 1 1 1 1 1 1 1 1 1 1 1 1 1 
 0 0 0 0 0 1 1 1 1 1 2 2 2 2 2 2 
        5.9140000000E+00        1.0000000000E+00
        1.6050000000E+00        1.0000000000E+00
        6.2600000000E-01        1.0000000000E+00
        1.1150000000E-01        1.0000000000E+00
        3.8000000000E-02        1.0000000000E+00
        1.8200000000E+01        1.0000000000E+00
        2.1410000000E+00        1.0000000000E+00
        7.0090000000E-01        1.0000000000E+00
        6.9000000000E-02        1.0000000000E+00
        2.1000000000E-02        1.0000000000E+00
        3.2270000000E+01        1.0000000000E+00
        8.8750000000E+00        1.0000000000E+00
        2.8900000000E+00        1.0000000000E+00
        8.7610000000E-01        1.0000000000E+00
        2.1200000000E-01        1.0000000000E+00
        6.7000000000E-02        1.0000000000E+00
# IRON
#
# Primary Functions: (5s,5p,6d)
# Augmenting Functions: (5s,5p,6d)
gaussian
 26 16 16
 1 1 1 1 1 1 1 1 1 1 1 1 1 1 1 1 
 0 0 0 0 0 1 1 1 1 1 2 2 2 2 2 2 
        6.4220000000E+00        1.0000000000E+00
        1.8260000000E+00        1.0000000000E+00
        7.1350000000E-01        1.0000000000E+00
        1.0210000000E-01        1.0000000000E+00
        3.6300000000E-02        1.0000000000E+00
        1.9480000000E+01        1.0000000000E+00
        2.3890000000E+00        1.0000000000E+00
        7.7950000000E-01        1.0000000000E+00
        7.4000000000E-02        1.0000000000E+00
        2.2000000000E-02        1.0000000000E+00
        3.7080000000E+01        1.0000000000E+00
        1.0100000000E+01        1.0000000000E+00
        3.2200000000E+00        1.0000000000E+00
        9.6280000000E-01        1.0000000000E+00
        2.2620000000E-01        1.0000000000E+00
        7.0600000000E-02        1.0000000000E+00
# COBALT
#
# Primary Functions: (5s,5p,6d)
# Augmenting Functions: (5s,5p,6d)
gaussian
 27 16 16
 1 1 1 1 1 1 1 1 1 1 1 1 1 1 1 1 
 0 0 0 0 0 1 1 1 1 1 2 2 2 2 2 2 
        7.1760000000E+00        1.0000000000E+00
        2.0090000000E+00        1.0000000000E+00
        8.0550000000E-01        1.0000000000E+00
        1.0700000000E-01        1.0000000000E+00
        3.7500000000E-02        1.0000000000E+00
        2.1390000000E+01        1.0000000000E+00
        2.6500000000E+00        1.0000000000E+00
        8.6190000000E-01        1.0000000000E+00
        8.0000000000E-02        1.0000000000E+00
        2.3000000000E-02        1.0000000000E+00
        3.9250000000E+01        1.0000000000E+00
        1.0780000000E+01        1.0000000000E+00
        3.4960000000E+00        1.0000000000E+00
        1.0660000000E+00        1.0000000000E+00
        2.6060000000E-01        1.0000000000E+00
        8.2200000000E-02        1.0000000000E+00
# NICKEL
#
# Primary Functions: (5s,5p,6d)
# Augmenting Functions: (5s,5p,6d)
gaussian
 28 16 16
 1 1 1 1 1 1 1 1 1 1 1 1 1 1 1 1 
 0 0 0 0 0 1 1 1 1 1 2 2 2 2 2 2 
        7.6200000000E+00        1.0000000000E+00
        2.2940000000E+00        1.0000000000E+00
        8.7600000000E-01        1.0000000000E+00
        1.1530000000E-01        1.0000000000E+00
        3.9600000000E-02        1.0000000000E+00
        2.3660000000E+01        1.0000000000E+00
        2.8930000000E+00        1.0000000000E+00
        9.4350000000E-01        1.0000000000E+00
        8.4000000000E-02        1.0000000000E+00
        2.4000000000E-02        1.0000000000E+00
        4.2720000000E+01        1.0000000000E+00
        1.1760000000E+01        1.0000000000E+00
        3.8170000000E+00        1.0000000000E+00
        1.1690000000E+00        1.0000000000E+00
        2.8360000000E-01        1.0000000000E+00
        8.9800000000E-02        1.0000000000E+00
# COPPER
#
# Primary Functions: (5s,5p,6d)
# Augmenting Functions: (5s,5p,6d)
gaussian
 29 16 16
 1 1 1 1 1 1 1 1 1 1 1 1 1 1 1 1 
 0 0 0 0 0 1 1 1 1 1 2 2 2 2 2 2 
        8.1760000000E+00        1.0000000000E+00
        2.5680000000E+00        1.0000000000E+00
        9.5870000000E-01        1.0000000000E+00
        1.1530000000E-01        1.0000000000E+00
        3.9600000000E-02        1.0000000000E+00
        2.5630000000E+01        1.0000000000E+00
        3.1660000000E+00        1.0000000000E+00
        1.0230000000E+00        1.0000000000E+00
        8.6000000000E-02        1.0000000000E+00
        2.4000000000E-02        1.0000000000E+00
        4.1340000000E+01        1.0000000000E+00
        1.1420000000E+01        1.0000000000E+00
        3.8390000000E+00        1.0000000000E+00
        1.2300000000E+00        1.0000000000E+00
        3.1020000000E-01        1.0000000000E+00
        1.0100000000E-01        1.0000000000E+00
# ZINC
#
# Primary Functions: (3s,2p,6d)
# Augmenting Functions: (3s,2p,6d)
gaussian
 30 11 11
 1 1 1 1 1 1 1 1 1 1 1 
 0 0 0 1 1 2 2 2 2 2 2 
        7.9970000000E-01        1.0000000000E+00
        1.7520000000E-01        1.0000000000E+00
        5.5600000000E-02        1.0000000000E+00
        1.2020000000E-01        1.0000000000E+00
        3.5100000000E-02        1.0000000000E+00
        6.8850000000E+01        1.0000000000E+00
        1.8320000000E+01        1.0000000000E+00
        5.9220000000E+00        1.0000000000E+00
        1.9270000000E+00        1.0000000000E+00
        5.5280000000E-01        1.0000000000E+00
        1.7000000000E-01        1.0000000000E+00
endbasis

