#  un-ccemd-ref  EMSL  Basis Set Exchange Library  3/20/15 10:57 PM
# Elements                             References
# --------                             ----------
# He H Be Li Ne C N F B O Mg Na Ar P Cl Al Si S: S. Lehtola, P. Manninen, M. Hakala, and K. Hämäläinen, Contraction of completeness-optimized basis sets: Application to ground-state electron momentum densities, J. Chem. Phys. 138, 044109 (2013).
# 




# This basis set uses spherical components
# HELIUM
#
# Primary Functions: (14s,6p,1d,1f,1g)
# Augmenting Functions: (14s,6p,1d,1f,1g)
gaussian
 2 23 23
 1 1 1 1 1 1 1 1 1 1 1 1 1 1 1 1 1 1 1 1 1 1 1 
 0 0 0 0 0 0 0 0 0 0 0 0 0 0 1 1 1 1 1 1 2 3 4 
        1.9850407436E+03        1.0000000000E+00
        1.0160381305E+03        1.0000000000E+00
        4.4689350591E+02        1.0000000000E+00
        1.8608329347E+02        1.0000000000E+00
        7.7386842371E+01        1.0000000000E+00
        3.2064002809E+01        1.0000000000E+00
        1.3209845940E+01        1.0000000000E+00
        5.4594511546E+00        1.0000000000E+00
        2.2575191754E+00        1.0000000000E+00
        9.2805489445E-01        1.0000000000E+00
        3.8475195738E-01        1.0000000000E+00
        1.5920018604E-01        1.0000000000E+00
        6.8678400297E-02        1.0000000000E+00
        3.5049166152E-02        1.0000000000E+00
        6.4291142478E+00        1.0000000000E+00
        3.7097381621E+00        1.0000000000E+00
        1.8379856508E+00        1.0000000000E+00
        8.9669828380E-01        1.0000000000E+00
        4.4670425550E-01        1.0000000000E+00
        2.5873130539E-01        1.0000000000E+00
        2.1752040340E+00        1.0000000000E+00
        2.8183829313E+00        1.0000000000E+00
        3.3496543916E+00        1.0000000000E+00
# HYDROGEN
#
# Primary Functions: (14s,6p,1d,1f,1g)
# Augmenting Functions: (14s,6p,1d,1f,1g)
gaussian
 1 23 23
 1 1 1 1 1 1 1 1 1 1 1 1 1 1 1 1 1 1 1 1 1 1 1 
 0 0 0 0 0 0 0 0 0 0 0 0 0 0 1 1 1 1 1 1 2 3 4 
        1.9850407436E+03        1.0000000000E+00
        1.0160381305E+03        1.0000000000E+00
        4.4689350591E+02        1.0000000000E+00
        1.8608329347E+02        1.0000000000E+00
        7.7386842371E+01        1.0000000000E+00
        3.2064002809E+01        1.0000000000E+00
        1.3209845940E+01        1.0000000000E+00
        5.4594511546E+00        1.0000000000E+00
        2.2575191754E+00        1.0000000000E+00
        9.2805489445E-01        1.0000000000E+00
        3.8475195738E-01        1.0000000000E+00
        1.5920018604E-01        1.0000000000E+00
        6.8678400297E-02        1.0000000000E+00
        3.5049166152E-02        1.0000000000E+00
        6.4291142478E+00        1.0000000000E+00
        3.7097381621E+00        1.0000000000E+00
        1.8379856508E+00        1.0000000000E+00
        8.9669828380E-01        1.0000000000E+00
        4.4670425550E-01        1.0000000000E+00
        2.5873130539E-01        1.0000000000E+00
        2.1752040340E+00        1.0000000000E+00
        2.8183829313E+00        1.0000000000E+00
        3.3496543916E+00        1.0000000000E+00
# BERYLLIUM
#
# Primary Functions: (17s,10p,5d,2f)
# Augmenting Functions: (17s,10p,5d,2f)
gaussian
 4 34 34
 1 1 1 1 1 1 1 1 1 1 1 1 1 1 1 1 1 1 1 1 1 1 1 1 1 1 1 1 1 1 1 1 1 1 
 0 0 0 0 0 0 0 0 0 0 0 0 0 0 0 0 0 1 1 1 1 1 1 1 1 1 1 2 2 2 2 2 3 3 
        4.8704863236E+03        1.0000000000E+00
        2.5247465514E+03        1.0000000000E+00
        1.0926827622E+03        1.0000000000E+00
        4.5930571525E+02        1.0000000000E+00
        1.9031632816E+02        1.0000000000E+00
        7.9055079346E+01        1.0000000000E+00
        3.2496185482E+01        1.0000000000E+00
        1.3463154130E+01        1.0000000000E+00
        5.5318236845E+00        1.0000000000E+00
        2.2870181148E+00        1.0000000000E+00
        9.3634760814E-01        1.0000000000E+00
        3.8644902862E-01        1.0000000000E+00
        1.5884319079E-01        1.0000000000E+00
        6.4899858224E-02        1.0000000000E+00
        2.6928684679E-02        1.0000000000E+00
        1.1531290248E-02        1.0000000000E+00
        5.8927201663E-03        1.0000000000E+00
        1.1411126428E+01        1.0000000000E+00
        6.5595316385E+00        1.0000000000E+00
        3.2386540391E+00        1.0000000000E+00
        1.5367454783E+00        1.0000000000E+00
        7.2548542672E-01        1.0000000000E+00
        3.4098183844E-01        1.0000000000E+00
        1.6095071231E-01        1.0000000000E+00
        7.6681585584E-02        1.0000000000E+00
        3.7687475537E-02        1.0000000000E+00
        2.1569433418E-02        1.0000000000E+00
        5.6828890005E-01        1.0000000000E+00
        3.5383574250E-01        1.0000000000E+00
        1.9425423986E-01        1.0000000000E+00
        1.0577023667E-01        1.0000000000E+00
        6.5628977026E-02        1.0000000000E+00
        2.7871294897E-01        1.0000000000E+00
        2.2061555560E-01        1.0000000000E+00
# LITHIUM
#
# Primary Functions: (17s,10p,5d,2f)
# Augmenting Functions: (17s,10p,5d,2f)
gaussian
 3 34 34
 1 1 1 1 1 1 1 1 1 1 1 1 1 1 1 1 1 1 1 1 1 1 1 1 1 1 1 1 1 1 1 1 1 1 
 0 0 0 0 0 0 0 0 0 0 0 0 0 0 0 0 0 1 1 1 1 1 1 1 1 1 1 2 2 2 2 2 3 3 
        4.8704863236E+03        1.0000000000E+00
        2.5247465514E+03        1.0000000000E+00
        1.0926827622E+03        1.0000000000E+00
        4.5930571525E+02        1.0000000000E+00
        1.9031632816E+02        1.0000000000E+00
        7.9055079346E+01        1.0000000000E+00
        3.2496185482E+01        1.0000000000E+00
        1.3463154130E+01        1.0000000000E+00
        5.5318236845E+00        1.0000000000E+00
        2.2870181148E+00        1.0000000000E+00
        9.3634760814E-01        1.0000000000E+00
        3.8644902862E-01        1.0000000000E+00
        1.5884319079E-01        1.0000000000E+00
        6.4899858224E-02        1.0000000000E+00
        2.6928684679E-02        1.0000000000E+00
        1.1531290248E-02        1.0000000000E+00
        5.8927201663E-03        1.0000000000E+00
        1.1411126428E+01        1.0000000000E+00
        6.5595316385E+00        1.0000000000E+00
        3.2386540391E+00        1.0000000000E+00
        1.5367454783E+00        1.0000000000E+00
        7.2548542672E-01        1.0000000000E+00
        3.4098183844E-01        1.0000000000E+00
        1.6095071231E-01        1.0000000000E+00
        7.6681585584E-02        1.0000000000E+00
        3.7687475537E-02        1.0000000000E+00
        2.1569433418E-02        1.0000000000E+00
        5.6828890005E-01        1.0000000000E+00
        3.5383574250E-01        1.0000000000E+00
        1.9425423986E-01        1.0000000000E+00
        1.0577023667E-01        1.0000000000E+00
        6.5628977026E-02        1.0000000000E+00
        2.7871294897E-01        1.0000000000E+00
        2.2061555560E-01        1.0000000000E+00
# NEON
#
# Primary Functions: (17s,12p,6d,2f,1g)
# Augmenting Functions: (17s,12p,6d,2f,1g)
gaussian
 10 38 38
 1 1 1 1 1 1 1 1 1 1 1 1 1 1 1 1 1 1 1 1 1 1 1 1 1 1 1 1 1 1 1 1 1 1 1 1 1 1 
 0 0 0 0 0 0 0 0 0 0 0 0 0 0 0 0 0 1 1 1 1 1 1 1 1 1 1 1 1 2 2 2 2 2 2 3 3 4 
        2.9359875724E+04        1.0000000000E+00
        1.5219475030E+04        1.0000000000E+00
        6.5868227465E+03        1.0000000000E+00
        2.7687499406E+03        1.0000000000E+00
        1.1472496527E+03        1.0000000000E+00
        4.7655350015E+02        1.0000000000E+00
        1.9589090368E+02        1.0000000000E+00
        8.1157507863E+01        1.0000000000E+00
        3.3346496656E+01        1.0000000000E+00
        1.3786419500E+01        1.0000000000E+00
        5.6444156872E+00        1.0000000000E+00
        2.3295610951E+00        1.0000000000E+00
        9.5752580570E-01        1.0000000000E+00
        3.9122412945E-01        1.0000000000E+00
        1.6232934107E-01        1.0000000000E+00
        6.9512000678E-02        1.0000000000E+00
        3.5522023934E-02        1.0000000000E+00
        6.5083597450E+01        1.0000000000E+00
        3.7174569603E+01        1.0000000000E+00
        1.8294641646E+01        1.0000000000E+00
        8.6340330283E+00        1.0000000000E+00
        4.0715724075E+00        1.0000000000E+00
        1.9104156173E+00        1.0000000000E+00
        9.0900375994E-01        1.0000000000E+00
        4.2415035253E-01        1.0000000000E+00
        2.0142202645E-01        1.0000000000E+00
        9.5133856348E-02        1.0000000000E+00
        4.6745801960E-02        1.0000000000E+00
        2.6671455432E-02        1.0000000000E+00
        3.5803982212E+00        1.0000000000E+00
        2.2057578968E+00        1.0000000000E+00
        1.1968791564E+00        1.0000000000E+00
        6.2550873740E-01        1.0000000000E+00
        3.3756274549E-01        1.0000000000E+00
        2.0835700875E-01        1.0000000000E+00
        1.8627610419E+00        1.0000000000E+00
        1.4744706471E+00        1.0000000000E+00
        1.6788040181E+00        1.0000000000E+00
# CARBON
#
# Primary Functions: (17s,12p,6d,2f,1g)
# Augmenting Functions: (17s,12p,6d,2f,1g)
gaussian
 6 38 38
 1 1 1 1 1 1 1 1 1 1 1 1 1 1 1 1 1 1 1 1 1 1 1 1 1 1 1 1 1 1 1 1 1 1 1 1 1 1 
 0 0 0 0 0 0 0 0 0 0 0 0 0 0 0 0 0 1 1 1 1 1 1 1 1 1 1 1 1 2 2 2 2 2 2 3 3 4 
        2.9359875724E+04        1.0000000000E+00
        1.5219475030E+04        1.0000000000E+00
        6.5868227465E+03        1.0000000000E+00
        2.7687499406E+03        1.0000000000E+00
        1.1472496527E+03        1.0000000000E+00
        4.7655350015E+02        1.0000000000E+00
        1.9589090368E+02        1.0000000000E+00
        8.1157507863E+01        1.0000000000E+00
        3.3346496656E+01        1.0000000000E+00
        1.3786419500E+01        1.0000000000E+00
        5.6444156872E+00        1.0000000000E+00
        2.3295610951E+00        1.0000000000E+00
        9.5752580570E-01        1.0000000000E+00
        3.9122412945E-01        1.0000000000E+00
        1.6232934107E-01        1.0000000000E+00
        6.9512000678E-02        1.0000000000E+00
        3.5522023934E-02        1.0000000000E+00
        6.5083597450E+01        1.0000000000E+00
        3.7174569603E+01        1.0000000000E+00
        1.8294641646E+01        1.0000000000E+00
        8.6340330283E+00        1.0000000000E+00
        4.0715724075E+00        1.0000000000E+00
        1.9104156173E+00        1.0000000000E+00
        9.0900375994E-01        1.0000000000E+00
        4.2415035253E-01        1.0000000000E+00
        2.0142202645E-01        1.0000000000E+00
        9.5133856348E-02        1.0000000000E+00
        4.6745801960E-02        1.0000000000E+00
        2.6671455432E-02        1.0000000000E+00
        3.5803982212E+00        1.0000000000E+00
        2.2057578968E+00        1.0000000000E+00
        1.1968791564E+00        1.0000000000E+00
        6.2550873740E-01        1.0000000000E+00
        3.3756274549E-01        1.0000000000E+00
        2.0835700875E-01        1.0000000000E+00
        1.8627610419E+00        1.0000000000E+00
        1.4744706471E+00        1.0000000000E+00
        1.6788040181E+00        1.0000000000E+00
# NITROGEN
#
# Primary Functions: (17s,12p,6d,2f,1g)
# Augmenting Functions: (17s,12p,6d,2f,1g)
gaussian
 7 38 38
 1 1 1 1 1 1 1 1 1 1 1 1 1 1 1 1 1 1 1 1 1 1 1 1 1 1 1 1 1 1 1 1 1 1 1 1 1 1 
 0 0 0 0 0 0 0 0 0 0 0 0 0 0 0 0 0 1 1 1 1 1 1 1 1 1 1 1 1 2 2 2 2 2 2 3 3 4 
        2.9359875724E+04        1.0000000000E+00
        1.5219475030E+04        1.0000000000E+00
        6.5868227465E+03        1.0000000000E+00
        2.7687499406E+03        1.0000000000E+00
        1.1472496527E+03        1.0000000000E+00
        4.7655350015E+02        1.0000000000E+00
        1.9589090368E+02        1.0000000000E+00
        8.1157507863E+01        1.0000000000E+00
        3.3346496656E+01        1.0000000000E+00
        1.3786419500E+01        1.0000000000E+00
        5.6444156872E+00        1.0000000000E+00
        2.3295610951E+00        1.0000000000E+00
        9.5752580570E-01        1.0000000000E+00
        3.9122412945E-01        1.0000000000E+00
        1.6232934107E-01        1.0000000000E+00
        6.9512000678E-02        1.0000000000E+00
        3.5522023934E-02        1.0000000000E+00
        6.5083597450E+01        1.0000000000E+00
        3.7174569603E+01        1.0000000000E+00
        1.8294641646E+01        1.0000000000E+00
        8.6340330283E+00        1.0000000000E+00
        4.0715724075E+00        1.0000000000E+00
        1.9104156173E+00        1.0000000000E+00
        9.0900375994E-01        1.0000000000E+00
        4.2415035253E-01        1.0000000000E+00
        2.0142202645E-01        1.0000000000E+00
        9.5133856348E-02        1.0000000000E+00
        4.6745801960E-02        1.0000000000E+00
        2.6671455432E-02        1.0000000000E+00
        3.5803982212E+00        1.0000000000E+00
        2.2057578968E+00        1.0000000000E+00
        1.1968791564E+00        1.0000000000E+00
        6.2550873740E-01        1.0000000000E+00
        3.3756274549E-01        1.0000000000E+00
        2.0835700875E-01        1.0000000000E+00
        1.8627610419E+00        1.0000000000E+00
        1.4744706471E+00        1.0000000000E+00
        1.6788040181E+00        1.0000000000E+00
# FLUORINE
#
# Primary Functions: (17s,12p,6d,2f,1g)
# Augmenting Functions: (17s,12p,6d,2f,1g)
gaussian
 9 38 38
 1 1 1 1 1 1 1 1 1 1 1 1 1 1 1 1 1 1 1 1 1 1 1 1 1 1 1 1 1 1 1 1 1 1 1 1 1 1 
 0 0 0 0 0 0 0 0 0 0 0 0 0 0 0 0 0 1 1 1 1 1 1 1 1 1 1 1 1 2 2 2 2 2 2 3 3 4 
        2.9359875724E+04        1.0000000000E+00
        1.5219475030E+04        1.0000000000E+00
        6.5868227465E+03        1.0000000000E+00
        2.7687499406E+03        1.0000000000E+00
        1.1472496527E+03        1.0000000000E+00
        4.7655350015E+02        1.0000000000E+00
        1.9589090368E+02        1.0000000000E+00
        8.1157507863E+01        1.0000000000E+00
        3.3346496656E+01        1.0000000000E+00
        1.3786419500E+01        1.0000000000E+00
        5.6444156872E+00        1.0000000000E+00
        2.3295610951E+00        1.0000000000E+00
        9.5752580570E-01        1.0000000000E+00
        3.9122412945E-01        1.0000000000E+00
        1.6232934107E-01        1.0000000000E+00
        6.9512000678E-02        1.0000000000E+00
        3.5522023934E-02        1.0000000000E+00
        6.5083597450E+01        1.0000000000E+00
        3.7174569603E+01        1.0000000000E+00
        1.8294641646E+01        1.0000000000E+00
        8.6340330283E+00        1.0000000000E+00
        4.0715724075E+00        1.0000000000E+00
        1.9104156173E+00        1.0000000000E+00
        9.0900375994E-01        1.0000000000E+00
        4.2415035253E-01        1.0000000000E+00
        2.0142202645E-01        1.0000000000E+00
        9.5133856348E-02        1.0000000000E+00
        4.6745801960E-02        1.0000000000E+00
        2.6671455432E-02        1.0000000000E+00
        3.5803982212E+00        1.0000000000E+00
        2.2057578968E+00        1.0000000000E+00
        1.1968791564E+00        1.0000000000E+00
        6.2550873740E-01        1.0000000000E+00
        3.3756274549E-01        1.0000000000E+00
        2.0835700875E-01        1.0000000000E+00
        1.8627610419E+00        1.0000000000E+00
        1.4744706471E+00        1.0000000000E+00
        1.6788040181E+00        1.0000000000E+00
# BORON
#
# Primary Functions: (17s,12p,6d,2f,1g)
# Augmenting Functions: (17s,12p,6d,2f,1g)
gaussian
 5 38 38
 1 1 1 1 1 1 1 1 1 1 1 1 1 1 1 1 1 1 1 1 1 1 1 1 1 1 1 1 1 1 1 1 1 1 1 1 1 1 
 0 0 0 0 0 0 0 0 0 0 0 0 0 0 0 0 0 1 1 1 1 1 1 1 1 1 1 1 1 2 2 2 2 2 2 3 3 4 
        2.9359875724E+04        1.0000000000E+00
        1.5219475030E+04        1.0000000000E+00
        6.5868227465E+03        1.0000000000E+00
        2.7687499406E+03        1.0000000000E+00
        1.1472496527E+03        1.0000000000E+00
        4.7655350015E+02        1.0000000000E+00
        1.9589090368E+02        1.0000000000E+00
        8.1157507863E+01        1.0000000000E+00
        3.3346496656E+01        1.0000000000E+00
        1.3786419500E+01        1.0000000000E+00
        5.6444156872E+00        1.0000000000E+00
        2.3295610951E+00        1.0000000000E+00
        9.5752580570E-01        1.0000000000E+00
        3.9122412945E-01        1.0000000000E+00
        1.6232934107E-01        1.0000000000E+00
        6.9512000678E-02        1.0000000000E+00
        3.5522023934E-02        1.0000000000E+00
        6.5083597450E+01        1.0000000000E+00
        3.7174569603E+01        1.0000000000E+00
        1.8294641646E+01        1.0000000000E+00
        8.6340330283E+00        1.0000000000E+00
        4.0715724075E+00        1.0000000000E+00
        1.9104156173E+00        1.0000000000E+00
        9.0900375994E-01        1.0000000000E+00
        4.2415035253E-01        1.0000000000E+00
        2.0142202645E-01        1.0000000000E+00
        9.5133856348E-02        1.0000000000E+00
        4.6745801960E-02        1.0000000000E+00
        2.6671455432E-02        1.0000000000E+00
        3.5803982212E+00        1.0000000000E+00
        2.2057578968E+00        1.0000000000E+00
        1.1968791564E+00        1.0000000000E+00
        6.2550873740E-01        1.0000000000E+00
        3.3756274549E-01        1.0000000000E+00
        2.0835700875E-01        1.0000000000E+00
        1.8627610419E+00        1.0000000000E+00
        1.4744706471E+00        1.0000000000E+00
        1.6788040181E+00        1.0000000000E+00
# OXYGEN
#
# Primary Functions: (17s,12p,6d,2f,1g)
# Augmenting Functions: (17s,12p,6d,2f,1g)
gaussian
 8 38 38
 1 1 1 1 1 1 1 1 1 1 1 1 1 1 1 1 1 1 1 1 1 1 1 1 1 1 1 1 1 1 1 1 1 1 1 1 1 1 
 0 0 0 0 0 0 0 0 0 0 0 0 0 0 0 0 0 1 1 1 1 1 1 1 1 1 1 1 1 2 2 2 2 2 2 3 3 4 
        2.9359875724E+04        1.0000000000E+00
        1.5219475030E+04        1.0000000000E+00
        6.5868227465E+03        1.0000000000E+00
        2.7687499406E+03        1.0000000000E+00
        1.1472496527E+03        1.0000000000E+00
        4.7655350015E+02        1.0000000000E+00
        1.9589090368E+02        1.0000000000E+00
        8.1157507863E+01        1.0000000000E+00
        3.3346496656E+01        1.0000000000E+00
        1.3786419500E+01        1.0000000000E+00
        5.6444156872E+00        1.0000000000E+00
        2.3295610951E+00        1.0000000000E+00
        9.5752580570E-01        1.0000000000E+00
        3.9122412945E-01        1.0000000000E+00
        1.6232934107E-01        1.0000000000E+00
        6.9512000678E-02        1.0000000000E+00
        3.5522023934E-02        1.0000000000E+00
        6.5083597450E+01        1.0000000000E+00
        3.7174569603E+01        1.0000000000E+00
        1.8294641646E+01        1.0000000000E+00
        8.6340330283E+00        1.0000000000E+00
        4.0715724075E+00        1.0000000000E+00
        1.9104156173E+00        1.0000000000E+00
        9.0900375994E-01        1.0000000000E+00
        4.2415035253E-01        1.0000000000E+00
        2.0142202645E-01        1.0000000000E+00
        9.5133856348E-02        1.0000000000E+00
        4.6745801960E-02        1.0000000000E+00
        2.6671455432E-02        1.0000000000E+00
        3.5803982212E+00        1.0000000000E+00
        2.2057578968E+00        1.0000000000E+00
        1.1968791564E+00        1.0000000000E+00
        6.2550873740E-01        1.0000000000E+00
        3.3756274549E-01        1.0000000000E+00
        2.0835700875E-01        1.0000000000E+00
        1.8627610419E+00        1.0000000000E+00
        1.4744706471E+00        1.0000000000E+00
        1.6788040181E+00        1.0000000000E+00
# MAGNESIUM
#
# Primary Functions: (19s,12p,7d,1f)
# Augmenting Functions: (19s,12p,7d,1f)
gaussian
 12 39 39
 1 1 1 1 1 1 1 1 1 1 1 1 1 1 1 1 1 1 1 1 1 1 1 1 1 1 1 1 1 1 1 1 1 1 1 1 1 1 1 
 0 0 0 0 0 0 0 0 0 0 0 0 0 0 0 0 0 0 0 1 1 1 1 1 1 1 1 1 1 1 1 2 2 2 2 2 2 2 3 
        2.9058192043E+04        1.0000000000E+00
        1.4958609146E+04        1.0000000000E+00
        6.4571806939E+03        1.0000000000E+00
        2.6881742491E+03        1.0000000000E+00
        1.1105032195E+03        1.0000000000E+00
        4.5690128292E+02        1.0000000000E+00
        1.8829144097E+02        1.0000000000E+00
        7.7684298261E+01        1.0000000000E+00
        3.1884071733E+01        1.0000000000E+00
        1.3203466950E+01        1.0000000000E+00
        5.4377650897E+00        1.0000000000E+00
        2.2431675172E+00        1.0000000000E+00
        9.2064495137E-01        1.0000000000E+00
        3.7925016269E-01        1.0000000000E+00
        1.5653376377E-01        1.0000000000E+00
        6.4375470190E-02        1.0000000000E+00
        2.6725823728E-02        1.0000000000E+00
        1.1484610547E-02        1.0000000000E+00
        5.9018238943E-03        1.0000000000E+00
        9.5849462932E+01        1.0000000000E+00
        5.4747473569E+01        1.0000000000E+00
        2.6942757392E+01        1.0000000000E+00
        1.2715453065E+01        1.0000000000E+00
        5.9962577952E+00        1.0000000000E+00
        2.8134939995E+00        1.0000000000E+00
        1.3387016945E+00        1.0000000000E+00
        6.2465175690E-01        1.0000000000E+00
        2.9663684575E-01        1.0000000000E+00
        1.4010487120E-01        1.0000000000E+00
        6.8843152311E-02        1.0000000000E+00
        3.9279400323E-02        1.0000000000E+00
        2.4372211114E+00        1.0000000000E+00
        1.4916054473E+00        1.0000000000E+00
        8.0713941784E-01        1.0000000000E+00
        4.1811625951E-01        1.0000000000E+00
        2.1756271696E-01        1.0000000000E+00
        1.1702356434E-01        1.0000000000E+00
        7.1982311003E-02        1.0000000000E+00
        2.7384196343E-01        1.0000000000E+00
# SODIUM
#
# Primary Functions: (19s,12p,7d,1f)
# Augmenting Functions: (19s,12p,7d,1f)
gaussian
 11 39 39
 1 1 1 1 1 1 1 1 1 1 1 1 1 1 1 1 1 1 1 1 1 1 1 1 1 1 1 1 1 1 1 1 1 1 1 1 1 1 1 
 0 0 0 0 0 0 0 0 0 0 0 0 0 0 0 0 0 0 0 1 1 1 1 1 1 1 1 1 1 1 1 2 2 2 2 2 2 2 3 
        2.9058192043E+04        1.0000000000E+00
        1.4958609146E+04        1.0000000000E+00
        6.4571806939E+03        1.0000000000E+00
        2.6881742491E+03        1.0000000000E+00
        1.1105032195E+03        1.0000000000E+00
        4.5690128292E+02        1.0000000000E+00
        1.8829144097E+02        1.0000000000E+00
        7.7684298261E+01        1.0000000000E+00
        3.1884071733E+01        1.0000000000E+00
        1.3203466950E+01        1.0000000000E+00
        5.4377650897E+00        1.0000000000E+00
        2.2431675172E+00        1.0000000000E+00
        9.2064495137E-01        1.0000000000E+00
        3.7925016269E-01        1.0000000000E+00
        1.5653376377E-01        1.0000000000E+00
        6.4375470190E-02        1.0000000000E+00
        2.6725823728E-02        1.0000000000E+00
        1.1484610547E-02        1.0000000000E+00
        5.9018238943E-03        1.0000000000E+00
        9.5849462932E+01        1.0000000000E+00
        5.4747473569E+01        1.0000000000E+00
        2.6942757392E+01        1.0000000000E+00
        1.2715453065E+01        1.0000000000E+00
        5.9962577952E+00        1.0000000000E+00
        2.8134939995E+00        1.0000000000E+00
        1.3387016945E+00        1.0000000000E+00
        6.2465175690E-01        1.0000000000E+00
        2.9663684575E-01        1.0000000000E+00
        1.4010487120E-01        1.0000000000E+00
        6.8843152311E-02        1.0000000000E+00
        3.9279400323E-02        1.0000000000E+00
        2.4372211114E+00        1.0000000000E+00
        1.4916054473E+00        1.0000000000E+00
        8.0713941784E-01        1.0000000000E+00
        4.1811625951E-01        1.0000000000E+00
        2.1756271696E-01        1.0000000000E+00
        1.1702356434E-01        1.0000000000E+00
        7.1982311003E-02        1.0000000000E+00
        2.7384196343E-01        1.0000000000E+00
# ARGON
#
# Primary Functions: (19s,14p,7d,4f,1g)
# Augmenting Functions: (19s,14p,7d,4f,1g)
gaussian
 18 45 45
 1 1 1 1 1 1 1 1 1 1 1 1 1 1 1 1 1 1 1 1 1 1 1 1 1 1 1 1 1 1 1 1 1 1 1 1 1 1 1 1 1 1 1 1 1 
 0 0 0 0 0 0 0 0 0 0 0 0 0 0 0 0 0 0 0 1 1 1 1 1 1 1 1 1 1 1 1 1 1 2 2 2 2 2 2 2 3 3 3 3 4 
        7.1477317914E+04        1.0000000000E+00
        3.6795175003E+04        1.0000000000E+00
        1.5883367988E+04        1.0000000000E+00
        6.6123689021E+03        1.0000000000E+00
        2.7316149452E+03        1.0000000000E+00
        1.1238854161E+03        1.0000000000E+00
        4.6315913828E+02        1.0000000000E+00
        1.9108777572E+02        1.0000000000E+00
        7.8428414553E+01        1.0000000000E+00
        3.2477877610E+01        1.0000000000E+00
        1.3375810287E+01        1.0000000000E+00
        5.5177416932E+00        1.0000000000E+00
        2.2646017267E+00        1.0000000000E+00
        9.3287925167E-01        1.0000000000E+00
        3.8504162891E-01        1.0000000000E+00
        1.5835073090E-01        1.0000000000E+00
        6.5740160171E-02        1.0000000000E+00
        2.8249835984E-02        1.0000000000E+00
        1.4517301770E-02        1.0000000000E+00
        3.0107532856E+02        1.0000000000E+00
        1.7260227677E+02        1.0000000000E+00
        8.4513858886E+01        1.0000000000E+00
        4.0119443000E+01        1.0000000000E+00
        1.8867486842E+01        1.0000000000E+00
        8.8645929392E+00        1.0000000000E+00
        4.1640399009E+00        1.0000000000E+00
        1.9540854211E+00        1.0000000000E+00
        9.2119417346E-01        1.0000000000E+00
        4.3106059481E-01        1.0000000000E+00
        2.0210439853E-01        1.0000000000E+00
        9.5749614772E-02        1.0000000000E+00
        4.6806332392E-02        1.0000000000E+00
        2.6724135569E-02        1.0000000000E+00
        2.9013754631E+00        1.0000000000E+00
        1.7756728863E+00        1.0000000000E+00
        9.6085434812E-01        1.0000000000E+00
        4.9774402920E-01        1.0000000000E+00
        2.5899625017E-01        1.0000000000E+00
        1.3931001032E-01        1.0000000000E+00
        8.5690916570E-02        1.0000000000E+00
        7.7963362103E-01        1.0000000000E+00
        5.1581017099E-01        1.0000000000E+00
        3.0928737168E-01        1.0000000000E+00
        2.0483371212E-01        1.0000000000E+00
        1.1885022274E+00        1.0000000000E+00
# PHOSPHOROUS
#
# Primary Functions: (19s,14p,7d,4f,1g)
# Augmenting Functions: (19s,14p,7d,4f,1g)
gaussian
 15 45 45
 1 1 1 1 1 1 1 1 1 1 1 1 1 1 1 1 1 1 1 1 1 1 1 1 1 1 1 1 1 1 1 1 1 1 1 1 1 1 1 1 1 1 1 1 1 
 0 0 0 0 0 0 0 0 0 0 0 0 0 0 0 0 0 0 0 1 1 1 1 1 1 1 1 1 1 1 1 1 1 2 2 2 2 2 2 2 3 3 3 3 4 
        7.1477317914E+04        1.0000000000E+00
        3.6795175003E+04        1.0000000000E+00
        1.5883367988E+04        1.0000000000E+00
        6.6123689021E+03        1.0000000000E+00
        2.7316149452E+03        1.0000000000E+00
        1.1238854161E+03        1.0000000000E+00
        4.6315913828E+02        1.0000000000E+00
        1.9108777572E+02        1.0000000000E+00
        7.8428414553E+01        1.0000000000E+00
        3.2477877610E+01        1.0000000000E+00
        1.3375810287E+01        1.0000000000E+00
        5.5177416932E+00        1.0000000000E+00
        2.2646017267E+00        1.0000000000E+00
        9.3287925167E-01        1.0000000000E+00
        3.8504162891E-01        1.0000000000E+00
        1.5835073090E-01        1.0000000000E+00
        6.5740160171E-02        1.0000000000E+00
        2.8249835984E-02        1.0000000000E+00
        1.4517301770E-02        1.0000000000E+00
        3.0107532856E+02        1.0000000000E+00
        1.7260227677E+02        1.0000000000E+00
        8.4513858886E+01        1.0000000000E+00
        4.0119443000E+01        1.0000000000E+00
        1.8867486842E+01        1.0000000000E+00
        8.8645929392E+00        1.0000000000E+00
        4.1640399009E+00        1.0000000000E+00
        1.9540854211E+00        1.0000000000E+00
        9.2119417346E-01        1.0000000000E+00
        4.3106059481E-01        1.0000000000E+00
        2.0210439853E-01        1.0000000000E+00
        9.5749614772E-02        1.0000000000E+00
        4.6806332392E-02        1.0000000000E+00
        2.6724135569E-02        1.0000000000E+00
        2.9013754631E+00        1.0000000000E+00
        1.7756728863E+00        1.0000000000E+00
        9.6085434812E-01        1.0000000000E+00
        4.9774402920E-01        1.0000000000E+00
        2.5899625017E-01        1.0000000000E+00
        1.3931001032E-01        1.0000000000E+00
        8.5690916570E-02        1.0000000000E+00
        7.7963362103E-01        1.0000000000E+00
        5.1581017099E-01        1.0000000000E+00
        3.0928737168E-01        1.0000000000E+00
        2.0483371212E-01        1.0000000000E+00
        1.1885022274E+00        1.0000000000E+00
# CHLORINE
#
# Primary Functions: (19s,14p,7d,4f,1g)
# Augmenting Functions: (19s,14p,7d,4f,1g)
gaussian
 17 45 45
 1 1 1 1 1 1 1 1 1 1 1 1 1 1 1 1 1 1 1 1 1 1 1 1 1 1 1 1 1 1 1 1 1 1 1 1 1 1 1 1 1 1 1 1 1 
 0 0 0 0 0 0 0 0 0 0 0 0 0 0 0 0 0 0 0 1 1 1 1 1 1 1 1 1 1 1 1 1 1 2 2 2 2 2 2 2 3 3 3 3 4 
        7.1477317914E+04        1.0000000000E+00
        3.6795175003E+04        1.0000000000E+00
        1.5883367988E+04        1.0000000000E+00
        6.6123689021E+03        1.0000000000E+00
        2.7316149452E+03        1.0000000000E+00
        1.1238854161E+03        1.0000000000E+00
        4.6315913828E+02        1.0000000000E+00
        1.9108777572E+02        1.0000000000E+00
        7.8428414553E+01        1.0000000000E+00
        3.2477877610E+01        1.0000000000E+00
        1.3375810287E+01        1.0000000000E+00
        5.5177416932E+00        1.0000000000E+00
        2.2646017267E+00        1.0000000000E+00
        9.3287925167E-01        1.0000000000E+00
        3.8504162891E-01        1.0000000000E+00
        1.5835073090E-01        1.0000000000E+00
        6.5740160171E-02        1.0000000000E+00
        2.8249835984E-02        1.0000000000E+00
        1.4517301770E-02        1.0000000000E+00
        3.0107532856E+02        1.0000000000E+00
        1.7260227677E+02        1.0000000000E+00
        8.4513858886E+01        1.0000000000E+00
        4.0119443000E+01        1.0000000000E+00
        1.8867486842E+01        1.0000000000E+00
        8.8645929392E+00        1.0000000000E+00
        4.1640399009E+00        1.0000000000E+00
        1.9540854211E+00        1.0000000000E+00
        9.2119417346E-01        1.0000000000E+00
        4.3106059481E-01        1.0000000000E+00
        2.0210439853E-01        1.0000000000E+00
        9.5749614772E-02        1.0000000000E+00
        4.6806332392E-02        1.0000000000E+00
        2.6724135569E-02        1.0000000000E+00
        2.9013754631E+00        1.0000000000E+00
        1.7756728863E+00        1.0000000000E+00
        9.6085434812E-01        1.0000000000E+00
        4.9774402920E-01        1.0000000000E+00
        2.5899625017E-01        1.0000000000E+00
        1.3931001032E-01        1.0000000000E+00
        8.5690916570E-02        1.0000000000E+00
        7.7963362103E-01        1.0000000000E+00
        5.1581017099E-01        1.0000000000E+00
        3.0928737168E-01        1.0000000000E+00
        2.0483371212E-01        1.0000000000E+00
        1.1885022274E+00        1.0000000000E+00
# ALUMINUM
#
# Primary Functions: (19s,14p,7d,4f,1g)
# Augmenting Functions: (19s,14p,7d,4f,1g)
gaussian
 13 45 45
 1 1 1 1 1 1 1 1 1 1 1 1 1 1 1 1 1 1 1 1 1 1 1 1 1 1 1 1 1 1 1 1 1 1 1 1 1 1 1 1 1 1 1 1 1 
 0 0 0 0 0 0 0 0 0 0 0 0 0 0 0 0 0 0 0 1 1 1 1 1 1 1 1 1 1 1 1 1 1 2 2 2 2 2 2 2 3 3 3 3 4 
        7.1477317914E+04        1.0000000000E+00
        3.6795175003E+04        1.0000000000E+00
        1.5883367988E+04        1.0000000000E+00
        6.6123689021E+03        1.0000000000E+00
        2.7316149452E+03        1.0000000000E+00
        1.1238854161E+03        1.0000000000E+00
        4.6315913828E+02        1.0000000000E+00
        1.9108777572E+02        1.0000000000E+00
        7.8428414553E+01        1.0000000000E+00
        3.2477877610E+01        1.0000000000E+00
        1.3375810287E+01        1.0000000000E+00
        5.5177416932E+00        1.0000000000E+00
        2.2646017267E+00        1.0000000000E+00
        9.3287925167E-01        1.0000000000E+00
        3.8504162891E-01        1.0000000000E+00
        1.5835073090E-01        1.0000000000E+00
        6.5740160171E-02        1.0000000000E+00
        2.8249835984E-02        1.0000000000E+00
        1.4517301770E-02        1.0000000000E+00
        3.0107532856E+02        1.0000000000E+00
        1.7260227677E+02        1.0000000000E+00
        8.4513858886E+01        1.0000000000E+00
        4.0119443000E+01        1.0000000000E+00
        1.8867486842E+01        1.0000000000E+00
        8.8645929392E+00        1.0000000000E+00
        4.1640399009E+00        1.0000000000E+00
        1.9540854211E+00        1.0000000000E+00
        9.2119417346E-01        1.0000000000E+00
        4.3106059481E-01        1.0000000000E+00
        2.0210439853E-01        1.0000000000E+00
        9.5749614772E-02        1.0000000000E+00
        4.6806332392E-02        1.0000000000E+00
        2.6724135569E-02        1.0000000000E+00
        2.9013754631E+00        1.0000000000E+00
        1.7756728863E+00        1.0000000000E+00
        9.6085434812E-01        1.0000000000E+00
        4.9774402920E-01        1.0000000000E+00
        2.5899625017E-01        1.0000000000E+00
        1.3931001032E-01        1.0000000000E+00
        8.5690916570E-02        1.0000000000E+00
        7.7963362103E-01        1.0000000000E+00
        5.1581017099E-01        1.0000000000E+00
        3.0928737168E-01        1.0000000000E+00
        2.0483371212E-01        1.0000000000E+00
        1.1885022274E+00        1.0000000000E+00
# SILICON
#
# Primary Functions: (19s,14p,7d,4f,1g)
# Augmenting Functions: (19s,14p,7d,4f,1g)
gaussian
 14 45 45
 1 1 1 1 1 1 1 1 1 1 1 1 1 1 1 1 1 1 1 1 1 1 1 1 1 1 1 1 1 1 1 1 1 1 1 1 1 1 1 1 1 1 1 1 1 
 0 0 0 0 0 0 0 0 0 0 0 0 0 0 0 0 0 0 0 1 1 1 1 1 1 1 1 1 1 1 1 1 1 2 2 2 2 2 2 2 3 3 3 3 4 
        7.1477317914E+04        1.0000000000E+00
        3.6795175003E+04        1.0000000000E+00
        1.5883367988E+04        1.0000000000E+00
        6.6123689021E+03        1.0000000000E+00
        2.7316149452E+03        1.0000000000E+00
        1.1238854161E+03        1.0000000000E+00
        4.6315913828E+02        1.0000000000E+00
        1.9108777572E+02        1.0000000000E+00
        7.8428414553E+01        1.0000000000E+00
        3.2477877610E+01        1.0000000000E+00
        1.3375810287E+01        1.0000000000E+00
        5.5177416932E+00        1.0000000000E+00
        2.2646017267E+00        1.0000000000E+00
        9.3287925167E-01        1.0000000000E+00
        3.8504162891E-01        1.0000000000E+00
        1.5835073090E-01        1.0000000000E+00
        6.5740160171E-02        1.0000000000E+00
        2.8249835984E-02        1.0000000000E+00
        1.4517301770E-02        1.0000000000E+00
        3.0107532856E+02        1.0000000000E+00
        1.7260227677E+02        1.0000000000E+00
        8.4513858886E+01        1.0000000000E+00
        4.0119443000E+01        1.0000000000E+00
        1.8867486842E+01        1.0000000000E+00
        8.8645929392E+00        1.0000000000E+00
        4.1640399009E+00        1.0000000000E+00
        1.9540854211E+00        1.0000000000E+00
        9.2119417346E-01        1.0000000000E+00
        4.3106059481E-01        1.0000000000E+00
        2.0210439853E-01        1.0000000000E+00
        9.5749614772E-02        1.0000000000E+00
        4.6806332392E-02        1.0000000000E+00
        2.6724135569E-02        1.0000000000E+00
        2.9013754631E+00        1.0000000000E+00
        1.7756728863E+00        1.0000000000E+00
        9.6085434812E-01        1.0000000000E+00
        4.9774402920E-01        1.0000000000E+00
        2.5899625017E-01        1.0000000000E+00
        1.3931001032E-01        1.0000000000E+00
        8.5690916570E-02        1.0000000000E+00
        7.7963362103E-01        1.0000000000E+00
        5.1581017099E-01        1.0000000000E+00
        3.0928737168E-01        1.0000000000E+00
        2.0483371212E-01        1.0000000000E+00
        1.1885022274E+00        1.0000000000E+00
# SULFUR
#
# Primary Functions: (19s,14p,7d,4f,1g)
# Augmenting Functions: (19s,14p,7d,4f,1g)
gaussian
 16 45 45
 1 1 1 1 1 1 1 1 1 1 1 1 1 1 1 1 1 1 1 1 1 1 1 1 1 1 1 1 1 1 1 1 1 1 1 1 1 1 1 1 1 1 1 1 1 
 0 0 0 0 0 0 0 0 0 0 0 0 0 0 0 0 0 0 0 1 1 1 1 1 1 1 1 1 1 1 1 1 1 2 2 2 2 2 2 2 3 3 3 3 4 
        7.1477317914E+04        1.0000000000E+00
        3.6795175003E+04        1.0000000000E+00
        1.5883367988E+04        1.0000000000E+00
        6.6123689021E+03        1.0000000000E+00
        2.7316149452E+03        1.0000000000E+00
        1.1238854161E+03        1.0000000000E+00
        4.6315913828E+02        1.0000000000E+00
        1.9108777572E+02        1.0000000000E+00
        7.8428414553E+01        1.0000000000E+00
        3.2477877610E+01        1.0000000000E+00
        1.3375810287E+01        1.0000000000E+00
        5.5177416932E+00        1.0000000000E+00
        2.2646017267E+00        1.0000000000E+00
        9.3287925167E-01        1.0000000000E+00
        3.8504162891E-01        1.0000000000E+00
        1.5835073090E-01        1.0000000000E+00
        6.5740160171E-02        1.0000000000E+00
        2.8249835984E-02        1.0000000000E+00
        1.4517301770E-02        1.0000000000E+00
        3.0107532856E+02        1.0000000000E+00
        1.7260227677E+02        1.0000000000E+00
        8.4513858886E+01        1.0000000000E+00
        4.0119443000E+01        1.0000000000E+00
        1.8867486842E+01        1.0000000000E+00
        8.8645929392E+00        1.0000000000E+00
        4.1640399009E+00        1.0000000000E+00
        1.9540854211E+00        1.0000000000E+00
        9.2119417346E-01        1.0000000000E+00
        4.3106059481E-01        1.0000000000E+00
        2.0210439853E-01        1.0000000000E+00
        9.5749614772E-02        1.0000000000E+00
        4.6806332392E-02        1.0000000000E+00
        2.6724135569E-02        1.0000000000E+00
        2.9013754631E+00        1.0000000000E+00
        1.7756728863E+00        1.0000000000E+00
        9.6085434812E-01        1.0000000000E+00
        4.9774402920E-01        1.0000000000E+00
        2.5899625017E-01        1.0000000000E+00
        1.3931001032E-01        1.0000000000E+00
        8.5690916570E-02        1.0000000000E+00
        7.7963362103E-01        1.0000000000E+00
        5.1581017099E-01        1.0000000000E+00
        3.0928737168E-01        1.0000000000E+00
        2.0483371212E-01        1.0000000000E+00
        1.1885022274E+00        1.0000000000E+00
endbasis
