#  un-pcemd-ref  EMSL  Basis Set Exchange Library  3/20/15 10:58 PM
# Elements                             References
# --------                             ----------
# He H Be Li Ne C N F B O Mg Na Ar P Cl Al Si S: S. Lehtola, P. Manninen, M. Hakala, and K. Hämäläinen, Contraction of completeness-optimized basis sets: Application to ground-state electron momentum densities, J. Chem. Phys. 138, 044109 (2013).
# 




# This basis set uses spherical components
# HELIUM
#
# Primary Functions: (17s,3p,1d)
# Augmenting Functions: (17s,3p,1d)
gaussian
 2 21 21
 1 1 1 1 1 1 1 1 1 1 1 1 1 1 1 1 1 1 1 1 1 
 0 0 0 0 0 0 0 0 0 0 0 0 0 0 0 0 0 1 1 1 2 
        7.6154492193E+03        1.0000000000E+00
        3.9476713159E+03        1.0000000000E+00
        1.7085090759E+03        1.0000000000E+00
        7.1816634279E+02        1.0000000000E+00
        2.9757692280E+02        1.0000000000E+00
        1.2360982093E+02        1.0000000000E+00
        5.0810747412E+01        1.0000000000E+00
        2.1050868393E+01        1.0000000000E+00
        8.6495104513E+00        1.0000000000E+00
        3.5759612407E+00        1.0000000000E+00
        1.4640648156E+00        1.0000000000E+00
        6.0424827373E-01        1.0000000000E+00
        2.4836580434E-01        1.0000000000E+00
        1.0147684272E-01        1.0000000000E+00
        4.2105452534E-02        1.0000000000E+00
        1.8030223161E-02        1.0000000000E+00
        9.2138049895E-03        1.0000000000E+00
        3.2800866038E+00        1.0000000000E+00
        2.0624207948E+00        1.0000000000E+00
        1.2915039918E+00        1.0000000000E+00
        2.9853826189E-01        1.0000000000E+00
# HYDROGEN
#
# Primary Functions: (17s,3p,1d)
# Augmenting Functions: (17s,3p,1d)
gaussian
 1 21 21
 1 1 1 1 1 1 1 1 1 1 1 1 1 1 1 1 1 1 1 1 1 
 0 0 0 0 0 0 0 0 0 0 0 0 0 0 0 0 0 1 1 1 2 
        7.6154492193E+03        1.0000000000E+00
        3.9476713159E+03        1.0000000000E+00
        1.7085090759E+03        1.0000000000E+00
        7.1816634279E+02        1.0000000000E+00
        2.9757692280E+02        1.0000000000E+00
        1.2360982093E+02        1.0000000000E+00
        5.0810747412E+01        1.0000000000E+00
        2.1050868393E+01        1.0000000000E+00
        8.6495104513E+00        1.0000000000E+00
        3.5759612407E+00        1.0000000000E+00
        1.4640648156E+00        1.0000000000E+00
        6.0424827373E-01        1.0000000000E+00
        2.4836580434E-01        1.0000000000E+00
        1.0147684272E-01        1.0000000000E+00
        4.2105452534E-02        1.0000000000E+00
        1.8030223161E-02        1.0000000000E+00
        9.2138049895E-03        1.0000000000E+00
        3.2800866038E+00        1.0000000000E+00
        2.0624207948E+00        1.0000000000E+00
        1.2915039918E+00        1.0000000000E+00
        2.9853826189E-01        1.0000000000E+00
# BERYLLIUM
#
# Primary Functions: (21s,10p,5d,1f)
# Augmenting Functions: (21s,10p,5d,1f)
gaussian
 4 37 37
 1 1 1 1 1 1 1 1 1 1 1 1 1 1 1 1 1 1 1 1 1 1 1 1 1 1 1 1 1 1 1 1 1 1 1 1 1 
 0 0 0 0 0 0 0 0 0 0 0 0 0 0 0 0 0 0 0 0 0 1 1 1 1 1 1 1 1 1 1 2 2 2 2 2 3 
        2.9000490840E+04        1.0000000000E+00
        1.5088253641E+04        1.0000000000E+00
        6.5670385069E+03        1.0000000000E+00
        2.7475289372E+03        1.0000000000E+00
        1.1341709632E+03        1.0000000000E+00
        4.7133058016E+02        1.0000000000E+00
        1.9489528060E+02        1.0000000000E+00
        8.0499086595E+01        1.0000000000E+00
        3.3195832596E+01        1.0000000000E+00
        1.3704646676E+01        1.0000000000E+00
        5.6609669574E+00        1.0000000000E+00
        2.3107171344E+00        1.0000000000E+00
        9.5040641748E-01        1.0000000000E+00
        3.8981596961E-01        1.0000000000E+00
        1.5945592353E-01        1.0000000000E+00
        6.5534963136E-02        1.0000000000E+00
        2.6880568915E-02        1.0000000000E+00
        1.1021391765E-02        1.0000000000E+00
        4.5446413101E-03        1.0000000000E+00
        1.9371758439E-03        1.0000000000E+00
        9.8085858563E-04        1.0000000000E+00
        1.1787350844E+01        1.0000000000E+00
        6.7757991541E+00        1.0000000000E+00
        3.3454323430E+00        1.0000000000E+00
        1.5874119199E+00        1.0000000000E+00
        7.4940465442E-01        1.0000000000E+00
        3.5222399705E-01        1.0000000000E+00
        1.6625725134E-01        1.0000000000E+00
        7.9209774626E-02        1.0000000000E+00
        3.8930030213E-02        1.0000000000E+00
        2.2280576840E-02        1.0000000000E+00
        4.5795117050E-01        1.0000000000E+00
        2.8513576885E-01        1.0000000000E+00
        1.5653826163E-01        1.0000000000E+00
        8.5234118922E-02        1.0000000000E+00
        5.2886598427E-02        1.0000000000E+00
        1.4330125702E-01        1.0000000000E+00
# LITHIUM
#
# Primary Functions: (21s,10p,5d,1f)
# Augmenting Functions: (21s,10p,5d,1f)
gaussian
 3 37 37
 1 1 1 1 1 1 1 1 1 1 1 1 1 1 1 1 1 1 1 1 1 1 1 1 1 1 1 1 1 1 1 1 1 1 1 1 1 
 0 0 0 0 0 0 0 0 0 0 0 0 0 0 0 0 0 0 0 0 0 1 1 1 1 1 1 1 1 1 1 2 2 2 2 2 3 
        2.9000490840E+04        1.0000000000E+00
        1.5088253641E+04        1.0000000000E+00
        6.5670385069E+03        1.0000000000E+00
        2.7475289372E+03        1.0000000000E+00
        1.1341709632E+03        1.0000000000E+00
        4.7133058016E+02        1.0000000000E+00
        1.9489528060E+02        1.0000000000E+00
        8.0499086595E+01        1.0000000000E+00
        3.3195832596E+01        1.0000000000E+00
        1.3704646676E+01        1.0000000000E+00
        5.6609669574E+00        1.0000000000E+00
        2.3107171344E+00        1.0000000000E+00
        9.5040641748E-01        1.0000000000E+00
        3.8981596961E-01        1.0000000000E+00
        1.5945592353E-01        1.0000000000E+00
        6.5534963136E-02        1.0000000000E+00
        2.6880568915E-02        1.0000000000E+00
        1.1021391765E-02        1.0000000000E+00
        4.5446413101E-03        1.0000000000E+00
        1.9371758439E-03        1.0000000000E+00
        9.8085858563E-04        1.0000000000E+00
        1.1787350844E+01        1.0000000000E+00
        6.7757991541E+00        1.0000000000E+00
        3.3454323430E+00        1.0000000000E+00
        1.5874119199E+00        1.0000000000E+00
        7.4940465442E-01        1.0000000000E+00
        3.5222399705E-01        1.0000000000E+00
        1.6625725134E-01        1.0000000000E+00
        7.9209774626E-02        1.0000000000E+00
        3.8930030213E-02        1.0000000000E+00
        2.2280576840E-02        1.0000000000E+00
        4.5795117050E-01        1.0000000000E+00
        2.8513576885E-01        1.0000000000E+00
        1.5653826163E-01        1.0000000000E+00
        8.5234118922E-02        1.0000000000E+00
        5.2886598427E-02        1.0000000000E+00
        1.4330125702E-01        1.0000000000E+00
# NEON
#
# Primary Functions: (21s,13p,4d,1f)
# Augmenting Functions: (21s,13p,4d,1f)
gaussian
 10 39 39
 1 1 1 1 1 1 1 1 1 1 1 1 1 1 1 1 1 1 1 1 1 1 1 1 1 1 1 1 1 1 1 1 1 1 1 1 1 1 1 
 0 0 0 0 0 0 0 0 0 0 0 0 0 0 0 0 0 0 0 0 0 1 1 1 1 1 1 1 1 1 1 1 1 1 2 2 2 2 3 
        1.7513812273E+05        1.0000000000E+00
        9.1120127329E+04        1.0000000000E+00
        3.9659287230E+04        1.0000000000E+00
        1.6592721236E+04        1.0000000000E+00
        6.8494210823E+03        1.0000000000E+00
        2.8464329605E+03        1.0000000000E+00
        1.1770005467E+03        1.0000000000E+00
        4.8614552718E+02        1.0000000000E+00
        2.0047439319E+02        1.0000000000E+00
        8.2764326468E+01        1.0000000000E+00
        3.4187391215E+01        1.0000000000E+00
        1.3954752122E+01        1.0000000000E+00
        5.7396406396E+00        1.0000000000E+00
        2.3541545385E+00        1.0000000000E+00
        9.6297718750E-01        1.0000000000E+00
        3.9577503982E-01        1.0000000000E+00
        1.6233561024E-01        1.0000000000E+00
        6.6559765289E-02        1.0000000000E+00
        2.7445740555E-02        1.0000000000E+00
        1.1698882705E-02        1.0000000000E+00
        5.9235456497E-03        1.0000000000E+00
        1.3977475046E+02        1.0000000000E+00
        8.0183058424E+01        1.0000000000E+00
        3.9313001140E+01        1.0000000000E+00
        1.8560511511E+01        1.0000000000E+00
        8.7278598557E+00        1.0000000000E+00
        4.1172476348E+00        1.0000000000E+00
        1.9319740779E+00        1.0000000000E+00
        9.0628559744E-01        1.0000000000E+00
        4.2537088445E-01        1.0000000000E+00
        2.0014403012E-01        1.0000000000E+00
        9.4682925878E-02        1.0000000000E+00
        4.6604956359E-02        1.0000000000E+00
        2.6573021826E-02        1.0000000000E+00
        1.4241291597E+00        1.0000000000E+00
        9.0427956721E-01        1.0000000000E+00
        5.1744476556E-01        1.0000000000E+00
        3.2604856249E-01        1.0000000000E+00
        8.4139514165E-01        1.0000000000E+00
# CARBON
#
# Primary Functions: (21s,13p,4d,1f)
# Augmenting Functions: (21s,13p,4d,1f)
gaussian
 6 39 39
 1 1 1 1 1 1 1 1 1 1 1 1 1 1 1 1 1 1 1 1 1 1 1 1 1 1 1 1 1 1 1 1 1 1 1 1 1 1 1 
 0 0 0 0 0 0 0 0 0 0 0 0 0 0 0 0 0 0 0 0 0 1 1 1 1 1 1 1 1 1 1 1 1 1 2 2 2 2 3 
        1.7513812273E+05        1.0000000000E+00
        9.1120127329E+04        1.0000000000E+00
        3.9659287230E+04        1.0000000000E+00
        1.6592721236E+04        1.0000000000E+00
        6.8494210823E+03        1.0000000000E+00
        2.8464329605E+03        1.0000000000E+00
        1.1770005467E+03        1.0000000000E+00
        4.8614552718E+02        1.0000000000E+00
        2.0047439319E+02        1.0000000000E+00
        8.2764326468E+01        1.0000000000E+00
        3.4187391215E+01        1.0000000000E+00
        1.3954752122E+01        1.0000000000E+00
        5.7396406396E+00        1.0000000000E+00
        2.3541545385E+00        1.0000000000E+00
        9.6297718750E-01        1.0000000000E+00
        3.9577503982E-01        1.0000000000E+00
        1.6233561024E-01        1.0000000000E+00
        6.6559765289E-02        1.0000000000E+00
        2.7445740555E-02        1.0000000000E+00
        1.1698882705E-02        1.0000000000E+00
        5.9235456497E-03        1.0000000000E+00
        1.3977475046E+02        1.0000000000E+00
        8.0183058424E+01        1.0000000000E+00
        3.9313001140E+01        1.0000000000E+00
        1.8560511511E+01        1.0000000000E+00
        8.7278598557E+00        1.0000000000E+00
        4.1172476348E+00        1.0000000000E+00
        1.9319740779E+00        1.0000000000E+00
        9.0628559744E-01        1.0000000000E+00
        4.2537088445E-01        1.0000000000E+00
        2.0014403012E-01        1.0000000000E+00
        9.4682925878E-02        1.0000000000E+00
        4.6604956359E-02        1.0000000000E+00
        2.6573021826E-02        1.0000000000E+00
        1.4241291597E+00        1.0000000000E+00
        9.0427956721E-01        1.0000000000E+00
        5.1744476556E-01        1.0000000000E+00
        3.2604856249E-01        1.0000000000E+00
        8.4139514165E-01        1.0000000000E+00
# NITROGEN
#
# Primary Functions: (21s,13p,4d,1f)
# Augmenting Functions: (21s,13p,4d,1f)
gaussian
 7 39 39
 1 1 1 1 1 1 1 1 1 1 1 1 1 1 1 1 1 1 1 1 1 1 1 1 1 1 1 1 1 1 1 1 1 1 1 1 1 1 1 
 0 0 0 0 0 0 0 0 0 0 0 0 0 0 0 0 0 0 0 0 0 1 1 1 1 1 1 1 1 1 1 1 1 1 2 2 2 2 3 
        1.7513812273E+05        1.0000000000E+00
        9.1120127329E+04        1.0000000000E+00
        3.9659287230E+04        1.0000000000E+00
        1.6592721236E+04        1.0000000000E+00
        6.8494210823E+03        1.0000000000E+00
        2.8464329605E+03        1.0000000000E+00
        1.1770005467E+03        1.0000000000E+00
        4.8614552718E+02        1.0000000000E+00
        2.0047439319E+02        1.0000000000E+00
        8.2764326468E+01        1.0000000000E+00
        3.4187391215E+01        1.0000000000E+00
        1.3954752122E+01        1.0000000000E+00
        5.7396406396E+00        1.0000000000E+00
        2.3541545385E+00        1.0000000000E+00
        9.6297718750E-01        1.0000000000E+00
        3.9577503982E-01        1.0000000000E+00
        1.6233561024E-01        1.0000000000E+00
        6.6559765289E-02        1.0000000000E+00
        2.7445740555E-02        1.0000000000E+00
        1.1698882705E-02        1.0000000000E+00
        5.9235456497E-03        1.0000000000E+00
        1.3977475046E+02        1.0000000000E+00
        8.0183058424E+01        1.0000000000E+00
        3.9313001140E+01        1.0000000000E+00
        1.8560511511E+01        1.0000000000E+00
        8.7278598557E+00        1.0000000000E+00
        4.1172476348E+00        1.0000000000E+00
        1.9319740779E+00        1.0000000000E+00
        9.0628559744E-01        1.0000000000E+00
        4.2537088445E-01        1.0000000000E+00
        2.0014403012E-01        1.0000000000E+00
        9.4682925878E-02        1.0000000000E+00
        4.6604956359E-02        1.0000000000E+00
        2.6573021826E-02        1.0000000000E+00
        1.4241291597E+00        1.0000000000E+00
        9.0427956721E-01        1.0000000000E+00
        5.1744476556E-01        1.0000000000E+00
        3.2604856249E-01        1.0000000000E+00
        8.4139514165E-01        1.0000000000E+00
# FLUORINE
#
# Primary Functions: (21s,13p,4d,1f)
# Augmenting Functions: (21s,13p,4d,1f)
gaussian
 9 39 39
 1 1 1 1 1 1 1 1 1 1 1 1 1 1 1 1 1 1 1 1 1 1 1 1 1 1 1 1 1 1 1 1 1 1 1 1 1 1 1 
 0 0 0 0 0 0 0 0 0 0 0 0 0 0 0 0 0 0 0 0 0 1 1 1 1 1 1 1 1 1 1 1 1 1 2 2 2 2 3 
        1.7513812273E+05        1.0000000000E+00
        9.1120127329E+04        1.0000000000E+00
        3.9659287230E+04        1.0000000000E+00
        1.6592721236E+04        1.0000000000E+00
        6.8494210823E+03        1.0000000000E+00
        2.8464329605E+03        1.0000000000E+00
        1.1770005467E+03        1.0000000000E+00
        4.8614552718E+02        1.0000000000E+00
        2.0047439319E+02        1.0000000000E+00
        8.2764326468E+01        1.0000000000E+00
        3.4187391215E+01        1.0000000000E+00
        1.3954752122E+01        1.0000000000E+00
        5.7396406396E+00        1.0000000000E+00
        2.3541545385E+00        1.0000000000E+00
        9.6297718750E-01        1.0000000000E+00
        3.9577503982E-01        1.0000000000E+00
        1.6233561024E-01        1.0000000000E+00
        6.6559765289E-02        1.0000000000E+00
        2.7445740555E-02        1.0000000000E+00
        1.1698882705E-02        1.0000000000E+00
        5.9235456497E-03        1.0000000000E+00
        1.3977475046E+02        1.0000000000E+00
        8.0183058424E+01        1.0000000000E+00
        3.9313001140E+01        1.0000000000E+00
        1.8560511511E+01        1.0000000000E+00
        8.7278598557E+00        1.0000000000E+00
        4.1172476348E+00        1.0000000000E+00
        1.9319740779E+00        1.0000000000E+00
        9.0628559744E-01        1.0000000000E+00
        4.2537088445E-01        1.0000000000E+00
        2.0014403012E-01        1.0000000000E+00
        9.4682925878E-02        1.0000000000E+00
        4.6604956359E-02        1.0000000000E+00
        2.6573021826E-02        1.0000000000E+00
        1.4241291597E+00        1.0000000000E+00
        9.0427956721E-01        1.0000000000E+00
        5.1744476556E-01        1.0000000000E+00
        3.2604856249E-01        1.0000000000E+00
        8.4139514165E-01        1.0000000000E+00
# BORON
#
# Primary Functions: (21s,13p,4d,1f)
# Augmenting Functions: (21s,13p,4d,1f)
gaussian
 5 39 39
 1 1 1 1 1 1 1 1 1 1 1 1 1 1 1 1 1 1 1 1 1 1 1 1 1 1 1 1 1 1 1 1 1 1 1 1 1 1 1 
 0 0 0 0 0 0 0 0 0 0 0 0 0 0 0 0 0 0 0 0 0 1 1 1 1 1 1 1 1 1 1 1 1 1 2 2 2 2 3 
        1.7513812273E+05        1.0000000000E+00
        9.1120127329E+04        1.0000000000E+00
        3.9659287230E+04        1.0000000000E+00
        1.6592721236E+04        1.0000000000E+00
        6.8494210823E+03        1.0000000000E+00
        2.8464329605E+03        1.0000000000E+00
        1.1770005467E+03        1.0000000000E+00
        4.8614552718E+02        1.0000000000E+00
        2.0047439319E+02        1.0000000000E+00
        8.2764326468E+01        1.0000000000E+00
        3.4187391215E+01        1.0000000000E+00
        1.3954752122E+01        1.0000000000E+00
        5.7396406396E+00        1.0000000000E+00
        2.3541545385E+00        1.0000000000E+00
        9.6297718750E-01        1.0000000000E+00
        3.9577503982E-01        1.0000000000E+00
        1.6233561024E-01        1.0000000000E+00
        6.6559765289E-02        1.0000000000E+00
        2.7445740555E-02        1.0000000000E+00
        1.1698882705E-02        1.0000000000E+00
        5.9235456497E-03        1.0000000000E+00
        1.3977475046E+02        1.0000000000E+00
        8.0183058424E+01        1.0000000000E+00
        3.9313001140E+01        1.0000000000E+00
        1.8560511511E+01        1.0000000000E+00
        8.7278598557E+00        1.0000000000E+00
        4.1172476348E+00        1.0000000000E+00
        1.9319740779E+00        1.0000000000E+00
        9.0628559744E-01        1.0000000000E+00
        4.2537088445E-01        1.0000000000E+00
        2.0014403012E-01        1.0000000000E+00
        9.4682925878E-02        1.0000000000E+00
        4.6604956359E-02        1.0000000000E+00
        2.6573021826E-02        1.0000000000E+00
        1.4241291597E+00        1.0000000000E+00
        9.0427956721E-01        1.0000000000E+00
        5.1744476556E-01        1.0000000000E+00
        3.2604856249E-01        1.0000000000E+00
        8.4139514165E-01        1.0000000000E+00
# OXYGEN
#
# Primary Functions: (21s,13p,4d,1f)
# Augmenting Functions: (21s,13p,4d,1f)
gaussian
 8 39 39
 1 1 1 1 1 1 1 1 1 1 1 1 1 1 1 1 1 1 1 1 1 1 1 1 1 1 1 1 1 1 1 1 1 1 1 1 1 1 1 
 0 0 0 0 0 0 0 0 0 0 0 0 0 0 0 0 0 0 0 0 0 1 1 1 1 1 1 1 1 1 1 1 1 1 2 2 2 2 3 
        1.7513812273E+05        1.0000000000E+00
        9.1120127329E+04        1.0000000000E+00
        3.9659287230E+04        1.0000000000E+00
        1.6592721236E+04        1.0000000000E+00
        6.8494210823E+03        1.0000000000E+00
        2.8464329605E+03        1.0000000000E+00
        1.1770005467E+03        1.0000000000E+00
        4.8614552718E+02        1.0000000000E+00
        2.0047439319E+02        1.0000000000E+00
        8.2764326468E+01        1.0000000000E+00
        3.4187391215E+01        1.0000000000E+00
        1.3954752122E+01        1.0000000000E+00
        5.7396406396E+00        1.0000000000E+00
        2.3541545385E+00        1.0000000000E+00
        9.6297718750E-01        1.0000000000E+00
        3.9577503982E-01        1.0000000000E+00
        1.6233561024E-01        1.0000000000E+00
        6.6559765289E-02        1.0000000000E+00
        2.7445740555E-02        1.0000000000E+00
        1.1698882705E-02        1.0000000000E+00
        5.9235456497E-03        1.0000000000E+00
        1.3977475046E+02        1.0000000000E+00
        8.0183058424E+01        1.0000000000E+00
        3.9313001140E+01        1.0000000000E+00
        1.8560511511E+01        1.0000000000E+00
        8.7278598557E+00        1.0000000000E+00
        4.1172476348E+00        1.0000000000E+00
        1.9319740779E+00        1.0000000000E+00
        9.0628559744E-01        1.0000000000E+00
        4.2537088445E-01        1.0000000000E+00
        2.0014403012E-01        1.0000000000E+00
        9.4682925878E-02        1.0000000000E+00
        4.6604956359E-02        1.0000000000E+00
        2.6573021826E-02        1.0000000000E+00
        1.4241291597E+00        1.0000000000E+00
        9.0427956721E-01        1.0000000000E+00
        5.1744476556E-01        1.0000000000E+00
        3.2604856249E-01        1.0000000000E+00
        8.4139514165E-01        1.0000000000E+00
# MAGNESIUM
#
# Primary Functions: (24s,12p,3d,1f)
# Augmenting Functions: (24s,12p,3d,1f)
gaussian
 12 40 40
 1 1 1 1 1 1 1 1 1 1 1 1 1 1 1 1 1 1 1 1 1 1 1 1 1 1 1 1 1 1 1 1 1 1 1 1 1 1 1 1 
 0 0 0 0 0 0 0 0 0 0 0 0 0 0 0 0 0 0 0 0 0 0 0 0 1 1 1 1 1 1 1 1 1 1 1 1 2 2 2 3 
        4.2761341468E+05        1.0000000000E+00
        2.2029777026E+05        1.0000000000E+00
        9.6000442500E+04        1.0000000000E+00
        4.0100930638E+04        1.0000000000E+00
        1.6575348799E+04        1.0000000000E+00
        6.8738212019E+03        1.0000000000E+00
        2.8537744671E+03        1.0000000000E+00
        1.1858713116E+03        1.0000000000E+00
        4.8466323343E+02        1.0000000000E+00
        2.0265755539E+02        1.0000000000E+00
        8.2983306829E+01        1.0000000000E+00
        3.4160007319E+01        1.0000000000E+00
        1.4097221111E+01        1.0000000000E+00
        5.7878169798E+00        1.0000000000E+00
        2.3789223865E+00        1.0000000000E+00
        9.7595142158E-01        1.0000000000E+00
        4.0137298800E-01        1.0000000000E+00
        1.6345871157E-01        1.0000000000E+00
        6.6942310379E-02        1.0000000000E+00
        2.7239054922E-02        1.0000000000E+00
        1.1156969227E-02        1.0000000000E+00
        4.5941968512E-03        1.0000000000E+00
        1.9547738029E-03        1.0000000000E+00
        9.9222110190E-04        1.0000000000E+00
        3.0419304809E+02        1.0000000000E+00
        1.7374954800E+02        1.0000000000E+00
        8.5506994448E+01        1.0000000000E+00
        4.0354450692E+01        1.0000000000E+00
        1.9030048579E+01        1.0000000000E+00
        8.9290569743E+00        1.0000000000E+00
        4.2485762203E+00        1.0000000000E+00
        1.9824286554E+00        1.0000000000E+00
        9.4142276360E-01        1.0000000000E+00
        4.4464440923E-01        1.0000000000E+00
        2.1848435767E-01        1.0000000000E+00
        1.2465923278E-01        1.0000000000E+00
        9.4614947276E-02        1.0000000000E+00
        6.2289551446E-02        1.0000000000E+00
        4.1582854883E-02        1.0000000000E+00
        4.8696752517E-02        1.0000000000E+00
# SODIUM
#
# Primary Functions: (24s,12p,3d,1f)
# Augmenting Functions: (24s,12p,3d,1f)
gaussian
 11 40 40
 1 1 1 1 1 1 1 1 1 1 1 1 1 1 1 1 1 1 1 1 1 1 1 1 1 1 1 1 1 1 1 1 1 1 1 1 1 1 1 1 
 0 0 0 0 0 0 0 0 0 0 0 0 0 0 0 0 0 0 0 0 0 0 0 0 1 1 1 1 1 1 1 1 1 1 1 1 2 2 2 3 
        4.2761341468E+05        1.0000000000E+00
        2.2029777026E+05        1.0000000000E+00
        9.6000442500E+04        1.0000000000E+00
        4.0100930638E+04        1.0000000000E+00
        1.6575348799E+04        1.0000000000E+00
        6.8738212019E+03        1.0000000000E+00
        2.8537744671E+03        1.0000000000E+00
        1.1858713116E+03        1.0000000000E+00
        4.8466323343E+02        1.0000000000E+00
        2.0265755539E+02        1.0000000000E+00
        8.2983306829E+01        1.0000000000E+00
        3.4160007319E+01        1.0000000000E+00
        1.4097221111E+01        1.0000000000E+00
        5.7878169798E+00        1.0000000000E+00
        2.3789223865E+00        1.0000000000E+00
        9.7595142158E-01        1.0000000000E+00
        4.0137298800E-01        1.0000000000E+00
        1.6345871157E-01        1.0000000000E+00
        6.6942310379E-02        1.0000000000E+00
        2.7239054922E-02        1.0000000000E+00
        1.1156969227E-02        1.0000000000E+00
        4.5941968512E-03        1.0000000000E+00
        1.9547738029E-03        1.0000000000E+00
        9.9222110190E-04        1.0000000000E+00
        3.0419304809E+02        1.0000000000E+00
        1.7374954800E+02        1.0000000000E+00
        8.5506994448E+01        1.0000000000E+00
        4.0354450692E+01        1.0000000000E+00
        1.9030048579E+01        1.0000000000E+00
        8.9290569743E+00        1.0000000000E+00
        4.2485762203E+00        1.0000000000E+00
        1.9824286554E+00        1.0000000000E+00
        9.4142276360E-01        1.0000000000E+00
        4.4464440923E-01        1.0000000000E+00
        2.1848435767E-01        1.0000000000E+00
        1.2465923278E-01        1.0000000000E+00
        9.4614947276E-02        1.0000000000E+00
        6.2289551446E-02        1.0000000000E+00
        4.1582854883E-02        1.0000000000E+00
        4.8696752517E-02        1.0000000000E+00
# ARGON
#
# Primary Functions: (22s,16p,5d,1f,1g)
# Augmenting Functions: (22s,16p,5d,1f,1g)
gaussian
 18 45 45
 1 1 1 1 1 1 1 1 1 1 1 1 1 1 1 1 1 1 1 1 1 1 1 1 1 1 1 1 1 1 1 1 1 1 1 1 1 1 1 1 1 1 1 1 1 
 0 0 0 0 0 0 0 0 0 0 0 0 0 0 0 0 0 0 0 0 0 0 1 1 1 1 1 1 1 1 1 1 1 1 1 1 1 1 2 2 2 2 2 3 4 
        4.2983781114E+05        1.0000000000E+00
        2.2185757351E+05        1.0000000000E+00
        9.6394265169E+04        1.0000000000E+00
        4.0193673201E+04        1.0000000000E+00
        1.6758953627E+04        1.0000000000E+00
        6.9470538360E+03        1.0000000000E+00
        2.8678456302E+03        1.0000000000E+00
        1.1848161021E+03        1.0000000000E+00
        4.8879244991E+02        1.0000000000E+00
        2.0142024599E+02        1.0000000000E+00
        8.2658639984E+01        1.0000000000E+00
        3.4119272365E+01        1.0000000000E+00
        1.3968188069E+01        1.0000000000E+00
        5.7314971132E+00        1.0000000000E+00
        2.3623566467E+00        1.0000000000E+00
        9.7245247135E-01        1.0000000000E+00
        3.9774565818E-01        1.0000000000E+00
        1.6373605598E-01        1.0000000000E+00
        6.6930148922E-02        1.0000000000E+00
        2.7466017841E-02        1.0000000000E+00
        1.1717815752E-02        1.0000000000E+00
        5.9507041069E-03        1.0000000000E+00
        6.4913573353E+02        1.0000000000E+00
        3.7201356208E+02        1.0000000000E+00
        1.8191869318E+02        1.0000000000E+00
        8.6776458086E+01        1.0000000000E+00
        4.0784714747E+01        1.0000000000E+00
        1.9105284146E+01        1.0000000000E+00
        8.9838658416E+00        1.0000000000E+00
        4.2162590037E+00        1.0000000000E+00
        1.9752726111E+00        1.0000000000E+00
        9.3142844721E-01        1.0000000000E+00
        4.3342550474E-01        1.0000000000E+00
        2.0412340634E-01        1.0000000000E+00
        9.4306264882E-02        1.0000000000E+00
        4.4630617907E-02        1.0000000000E+00
        2.1822166815E-02        1.0000000000E+00
        1.2389207285E-02        1.0000000000E+00
        9.0947927352E-01        1.0000000000E+00
        5.6627232030E-01        1.0000000000E+00
        3.1088097080E-01        1.0000000000E+00
        1.6927277306E-01        1.0000000000E+00
        1.0503142740E-01        1.0000000000E+00
        3.7046740221E-01        1.0000000000E+00
        2.5118864315E-01        1.0000000000E+00
# PHOSPHOROUS
#
# Primary Functions: (22s,16p,5d,1f,1g)
# Augmenting Functions: (22s,16p,5d,1f,1g)
gaussian
 15 45 45
 1 1 1 1 1 1 1 1 1 1 1 1 1 1 1 1 1 1 1 1 1 1 1 1 1 1 1 1 1 1 1 1 1 1 1 1 1 1 1 1 1 1 1 1 1 
 0 0 0 0 0 0 0 0 0 0 0 0 0 0 0 0 0 0 0 0 0 0 1 1 1 1 1 1 1 1 1 1 1 1 1 1 1 1 2 2 2 2 2 3 4 
        4.2983781114E+05        1.0000000000E+00
        2.2185757351E+05        1.0000000000E+00
        9.6394265169E+04        1.0000000000E+00
        4.0193673201E+04        1.0000000000E+00
        1.6758953627E+04        1.0000000000E+00
        6.9470538360E+03        1.0000000000E+00
        2.8678456302E+03        1.0000000000E+00
        1.1848161021E+03        1.0000000000E+00
        4.8879244991E+02        1.0000000000E+00
        2.0142024599E+02        1.0000000000E+00
        8.2658639984E+01        1.0000000000E+00
        3.4119272365E+01        1.0000000000E+00
        1.3968188069E+01        1.0000000000E+00
        5.7314971132E+00        1.0000000000E+00
        2.3623566467E+00        1.0000000000E+00
        9.7245247135E-01        1.0000000000E+00
        3.9774565818E-01        1.0000000000E+00
        1.6373605598E-01        1.0000000000E+00
        6.6930148922E-02        1.0000000000E+00
        2.7466017841E-02        1.0000000000E+00
        1.1717815752E-02        1.0000000000E+00
        5.9507041069E-03        1.0000000000E+00
        6.4913573353E+02        1.0000000000E+00
        3.7201356208E+02        1.0000000000E+00
        1.8191869318E+02        1.0000000000E+00
        8.6776458086E+01        1.0000000000E+00
        4.0784714747E+01        1.0000000000E+00
        1.9105284146E+01        1.0000000000E+00
        8.9838658416E+00        1.0000000000E+00
        4.2162590037E+00        1.0000000000E+00
        1.9752726111E+00        1.0000000000E+00
        9.3142844721E-01        1.0000000000E+00
        4.3342550474E-01        1.0000000000E+00
        2.0412340634E-01        1.0000000000E+00
        9.4306264882E-02        1.0000000000E+00
        4.4630617907E-02        1.0000000000E+00
        2.1822166815E-02        1.0000000000E+00
        1.2389207285E-02        1.0000000000E+00
        9.0947927352E-01        1.0000000000E+00
        5.6627232030E-01        1.0000000000E+00
        3.1088097080E-01        1.0000000000E+00
        1.6927277306E-01        1.0000000000E+00
        1.0503142740E-01        1.0000000000E+00
        3.7046740221E-01        1.0000000000E+00
        2.5118864315E-01        1.0000000000E+00
# CHLORINE
#
# Primary Functions: (22s,16p,5d,1f,1g)
# Augmenting Functions: (22s,16p,5d,1f,1g)
gaussian
 17 45 45
 1 1 1 1 1 1 1 1 1 1 1 1 1 1 1 1 1 1 1 1 1 1 1 1 1 1 1 1 1 1 1 1 1 1 1 1 1 1 1 1 1 1 1 1 1 
 0 0 0 0 0 0 0 0 0 0 0 0 0 0 0 0 0 0 0 0 0 0 1 1 1 1 1 1 1 1 1 1 1 1 1 1 1 1 2 2 2 2 2 3 4 
        4.2983781114E+05        1.0000000000E+00
        2.2185757351E+05        1.0000000000E+00
        9.6394265169E+04        1.0000000000E+00
        4.0193673201E+04        1.0000000000E+00
        1.6758953627E+04        1.0000000000E+00
        6.9470538360E+03        1.0000000000E+00
        2.8678456302E+03        1.0000000000E+00
        1.1848161021E+03        1.0000000000E+00
        4.8879244991E+02        1.0000000000E+00
        2.0142024599E+02        1.0000000000E+00
        8.2658639984E+01        1.0000000000E+00
        3.4119272365E+01        1.0000000000E+00
        1.3968188069E+01        1.0000000000E+00
        5.7314971132E+00        1.0000000000E+00
        2.3623566467E+00        1.0000000000E+00
        9.7245247135E-01        1.0000000000E+00
        3.9774565818E-01        1.0000000000E+00
        1.6373605598E-01        1.0000000000E+00
        6.6930148922E-02        1.0000000000E+00
        2.7466017841E-02        1.0000000000E+00
        1.1717815752E-02        1.0000000000E+00
        5.9507041069E-03        1.0000000000E+00
        6.4913573353E+02        1.0000000000E+00
        3.7201356208E+02        1.0000000000E+00
        1.8191869318E+02        1.0000000000E+00
        8.6776458086E+01        1.0000000000E+00
        4.0784714747E+01        1.0000000000E+00
        1.9105284146E+01        1.0000000000E+00
        8.9838658416E+00        1.0000000000E+00
        4.2162590037E+00        1.0000000000E+00
        1.9752726111E+00        1.0000000000E+00
        9.3142844721E-01        1.0000000000E+00
        4.3342550474E-01        1.0000000000E+00
        2.0412340634E-01        1.0000000000E+00
        9.4306264882E-02        1.0000000000E+00
        4.4630617907E-02        1.0000000000E+00
        2.1822166815E-02        1.0000000000E+00
        1.2389207285E-02        1.0000000000E+00
        9.0947927352E-01        1.0000000000E+00
        5.6627232030E-01        1.0000000000E+00
        3.1088097080E-01        1.0000000000E+00
        1.6927277306E-01        1.0000000000E+00
        1.0503142740E-01        1.0000000000E+00
        3.7046740221E-01        1.0000000000E+00
        2.5118864315E-01        1.0000000000E+00
# ALUMINUM
#
# Primary Functions: (22s,16p,5d,1f,1g)
# Augmenting Functions: (22s,16p,5d,1f,1g)
gaussian
 13 45 45
 1 1 1 1 1 1 1 1 1 1 1 1 1 1 1 1 1 1 1 1 1 1 1 1 1 1 1 1 1 1 1 1 1 1 1 1 1 1 1 1 1 1 1 1 1 
 0 0 0 0 0 0 0 0 0 0 0 0 0 0 0 0 0 0 0 0 0 0 1 1 1 1 1 1 1 1 1 1 1 1 1 1 1 1 2 2 2 2 2 3 4 
        4.2983781114E+05        1.0000000000E+00
        2.2185757351E+05        1.0000000000E+00
        9.6394265169E+04        1.0000000000E+00
        4.0193673201E+04        1.0000000000E+00
        1.6758953627E+04        1.0000000000E+00
        6.9470538360E+03        1.0000000000E+00
        2.8678456302E+03        1.0000000000E+00
        1.1848161021E+03        1.0000000000E+00
        4.8879244991E+02        1.0000000000E+00
        2.0142024599E+02        1.0000000000E+00
        8.2658639984E+01        1.0000000000E+00
        3.4119272365E+01        1.0000000000E+00
        1.3968188069E+01        1.0000000000E+00
        5.7314971132E+00        1.0000000000E+00
        2.3623566467E+00        1.0000000000E+00
        9.7245247135E-01        1.0000000000E+00
        3.9774565818E-01        1.0000000000E+00
        1.6373605598E-01        1.0000000000E+00
        6.6930148922E-02        1.0000000000E+00
        2.7466017841E-02        1.0000000000E+00
        1.1717815752E-02        1.0000000000E+00
        5.9507041069E-03        1.0000000000E+00
        6.4913573353E+02        1.0000000000E+00
        3.7201356208E+02        1.0000000000E+00
        1.8191869318E+02        1.0000000000E+00
        8.6776458086E+01        1.0000000000E+00
        4.0784714747E+01        1.0000000000E+00
        1.9105284146E+01        1.0000000000E+00
        8.9838658416E+00        1.0000000000E+00
        4.2162590037E+00        1.0000000000E+00
        1.9752726111E+00        1.0000000000E+00
        9.3142844721E-01        1.0000000000E+00
        4.3342550474E-01        1.0000000000E+00
        2.0412340634E-01        1.0000000000E+00
        9.4306264882E-02        1.0000000000E+00
        4.4630617907E-02        1.0000000000E+00
        2.1822166815E-02        1.0000000000E+00
        1.2389207285E-02        1.0000000000E+00
        9.0947927352E-01        1.0000000000E+00
        5.6627232030E-01        1.0000000000E+00
        3.1088097080E-01        1.0000000000E+00
        1.6927277306E-01        1.0000000000E+00
        1.0503142740E-01        1.0000000000E+00
        3.7046740221E-01        1.0000000000E+00
        2.5118864315E-01        1.0000000000E+00
# SILICON
#
# Primary Functions: (22s,16p,5d,1f,1g)
# Augmenting Functions: (22s,16p,5d,1f,1g)
gaussian
 14 45 45
 1 1 1 1 1 1 1 1 1 1 1 1 1 1 1 1 1 1 1 1 1 1 1 1 1 1 1 1 1 1 1 1 1 1 1 1 1 1 1 1 1 1 1 1 1 
 0 0 0 0 0 0 0 0 0 0 0 0 0 0 0 0 0 0 0 0 0 0 1 1 1 1 1 1 1 1 1 1 1 1 1 1 1 1 2 2 2 2 2 3 4 
        4.2983781114E+05        1.0000000000E+00
        2.2185757351E+05        1.0000000000E+00
        9.6394265169E+04        1.0000000000E+00
        4.0193673201E+04        1.0000000000E+00
        1.6758953627E+04        1.0000000000E+00
        6.9470538360E+03        1.0000000000E+00
        2.8678456302E+03        1.0000000000E+00
        1.1848161021E+03        1.0000000000E+00
        4.8879244991E+02        1.0000000000E+00
        2.0142024599E+02        1.0000000000E+00
        8.2658639984E+01        1.0000000000E+00
        3.4119272365E+01        1.0000000000E+00
        1.3968188069E+01        1.0000000000E+00
        5.7314971132E+00        1.0000000000E+00
        2.3623566467E+00        1.0000000000E+00
        9.7245247135E-01        1.0000000000E+00
        3.9774565818E-01        1.0000000000E+00
        1.6373605598E-01        1.0000000000E+00
        6.6930148922E-02        1.0000000000E+00
        2.7466017841E-02        1.0000000000E+00
        1.1717815752E-02        1.0000000000E+00
        5.9507041069E-03        1.0000000000E+00
        6.4913573353E+02        1.0000000000E+00
        3.7201356208E+02        1.0000000000E+00
        1.8191869318E+02        1.0000000000E+00
        8.6776458086E+01        1.0000000000E+00
        4.0784714747E+01        1.0000000000E+00
        1.9105284146E+01        1.0000000000E+00
        8.9838658416E+00        1.0000000000E+00
        4.2162590037E+00        1.0000000000E+00
        1.9752726111E+00        1.0000000000E+00
        9.3142844721E-01        1.0000000000E+00
        4.3342550474E-01        1.0000000000E+00
        2.0412340634E-01        1.0000000000E+00
        9.4306264882E-02        1.0000000000E+00
        4.4630617907E-02        1.0000000000E+00
        2.1822166815E-02        1.0000000000E+00
        1.2389207285E-02        1.0000000000E+00
        9.0947927352E-01        1.0000000000E+00
        5.6627232030E-01        1.0000000000E+00
        3.1088097080E-01        1.0000000000E+00
        1.6927277306E-01        1.0000000000E+00
        1.0503142740E-01        1.0000000000E+00
        3.7046740221E-01        1.0000000000E+00
        2.5118864315E-01        1.0000000000E+00
# SULFUR
#
# Primary Functions: (22s,16p,5d,1f,1g)
# Augmenting Functions: (22s,16p,5d,1f,1g)
gaussian
 16 45 45
 1 1 1 1 1 1 1 1 1 1 1 1 1 1 1 1 1 1 1 1 1 1 1 1 1 1 1 1 1 1 1 1 1 1 1 1 1 1 1 1 1 1 1 1 1 
 0 0 0 0 0 0 0 0 0 0 0 0 0 0 0 0 0 0 0 0 0 0 1 1 1 1 1 1 1 1 1 1 1 1 1 1 1 1 2 2 2 2 2 3 4 
        4.2983781114E+05        1.0000000000E+00
        2.2185757351E+05        1.0000000000E+00
        9.6394265169E+04        1.0000000000E+00
        4.0193673201E+04        1.0000000000E+00
        1.6758953627E+04        1.0000000000E+00
        6.9470538360E+03        1.0000000000E+00
        2.8678456302E+03        1.0000000000E+00
        1.1848161021E+03        1.0000000000E+00
        4.8879244991E+02        1.0000000000E+00
        2.0142024599E+02        1.0000000000E+00
        8.2658639984E+01        1.0000000000E+00
        3.4119272365E+01        1.0000000000E+00
        1.3968188069E+01        1.0000000000E+00
        5.7314971132E+00        1.0000000000E+00
        2.3623566467E+00        1.0000000000E+00
        9.7245247135E-01        1.0000000000E+00
        3.9774565818E-01        1.0000000000E+00
        1.6373605598E-01        1.0000000000E+00
        6.6930148922E-02        1.0000000000E+00
        2.7466017841E-02        1.0000000000E+00
        1.1717815752E-02        1.0000000000E+00
        5.9507041069E-03        1.0000000000E+00
        6.4913573353E+02        1.0000000000E+00
        3.7201356208E+02        1.0000000000E+00
        1.8191869318E+02        1.0000000000E+00
        8.6776458086E+01        1.0000000000E+00
        4.0784714747E+01        1.0000000000E+00
        1.9105284146E+01        1.0000000000E+00
        8.9838658416E+00        1.0000000000E+00
        4.2162590037E+00        1.0000000000E+00
        1.9752726111E+00        1.0000000000E+00
        9.3142844721E-01        1.0000000000E+00
        4.3342550474E-01        1.0000000000E+00
        2.0412340634E-01        1.0000000000E+00
        9.4306264882E-02        1.0000000000E+00
        4.4630617907E-02        1.0000000000E+00
        2.1822166815E-02        1.0000000000E+00
        1.2389207285E-02        1.0000000000E+00
        9.0947927352E-01        1.0000000000E+00
        5.6627232030E-01        1.0000000000E+00
        3.1088097080E-01        1.0000000000E+00
        1.6927277306E-01        1.0000000000E+00
        1.0503142740E-01        1.0000000000E+00
        3.7046740221E-01        1.0000000000E+00
        2.5118864315E-01        1.0000000000E+00
endbasis
