gaussian
 3 11 5 
 6 2 1 1 1
 0 0 0 1 2 
    605.7053900             -0.0022870        
     90.8609070             -0.0174528        
     20.6312710             -0.0836970        
      5.7384462             -0.2597485        
      1.7515261             -0.4794613        
      0.5463901             -0.3233006        
      0.8427233              0.0748609        
      0.0674483             -0.6546490        
      0.0253733              1.0000000        
      0.0773000              1.0000000        
      0.1220000              1.0000000        
 3 10 10 
 1 1 1 1 1 1 1 1 1 1 
 0 0 0 0 0 0 0 1 1 2
           256.00000000             1.0000000        
            51.20000000             1.0000000        
            12.80000000             1.0000000        
             3.20000000             1.0000000        
             0.80000000             1.0000000        
             0.05000000             1.0000000       
             0.20000000             1.0000000       
             0.05000000             1.0000000
             0.20000000             1.0000000
             0.20000000             1.0000000
endbasis
