 MULLIKEN POPULATION ANALYSIS
ATOM #    ATOM TYPE    POPULATION
  1           6         -0.3428
  2           6          0.3339
  3           7         -0.3275
  4           6          0.3054
  5           6         -0.3463
  6           6         -0.4996
  7           6          0.3363
  8           7         -0.3269
  9           6          0.3017
 10           6         -0.3481
 11           6         -0.3442
 12           6         -0.5068
 13           6          0.3108
 14           7         -0.3307
 15           6          0.3411
 16           6         -0.3432
 17           6         -0.3487
 18          26          0.3539
 19           7         -0.3338
 20           6          0.3396
 21           6         -0.3430
 22           6         -0.3459
 23           6          0.3054
 24           6         -0.4994
 25           6         -0.5037
 26           7         -0.0999
 27           6         -0.0882
 28           7         -0.3071
 29           6         -0.2706
 30           6         -0.0986
 31           6          0.1707
 32           1          0.2329
 33           1          0.2372
 34           1          0.2332
 35           1          0.2371
 36           1          0.2344
 37           1          0.2350
 38           1          0.2357
 39           1          0.2357
 40           1          0.2346
 41           1          0.2355
 42           1          0.2357
 43           1          0.2352
 44           1          0.2750
 45           1          0.2777
 46           1          0.2524
 47           1          0.3764
 48           8         -0.1478
