 ORBITAL COEFFICIENTS AND ENERGIES, SPIN ALPHA
MOLECULAR ORBITAL #    1   ORBITAL ENERGY   1226.0290888
-0.9013616E-04  -0.6827292E-02  -0.3467900E-02   0.1875371E-02
-0.6015452E-01  -0.8833620E-01   0.1061986E-02   0.5864103E+00
 0.8580802E+00  -0.5222849E-03  -0.7709413E-02  -0.1487741E-01
-0.9566798E-02  -0.7044930E-02   0.9358876E-02  -0.2756404E-03
 0.3640151E-01   0.1918188E-02  -0.3973429E-01
MOLECULAR ORBITAL #    2   ORBITAL ENERGY   1306.3917813
-0.4376483E-02  -0.2052332E+00  -0.1155854E+00  -0.3099098E-01
-0.8106295E-01   0.5759928E-01   0.3903352E+00   0.8413615E+00
-0.5828683E+00   0.2242005E-01  -0.5110115E-02  -0.5647612E-03
 0.1847463E-02   0.1142299E-01   0.9681381E-02   0.3522178E-01
-0.4139846E+00   0.4351312E-01  -0.4256966E+00
MOLECULAR ORBITAL #    3   ORBITAL ENERGY   1561.0128541
-0.1743643E-02  -0.7082598E-01  -0.1009236E+00   0.1102558E+00
-0.4015138E-01   0.2981514E-01  -0.1165892E+01   0.3543662E+00
-0.2936433E+00   0.1433130E-01   0.2531715E-01   0.3767613E-03
-0.1596676E-01   0.2066461E-01   0.1000185E-01   0.2754057E-01
-0.4736201E+00  -0.5301894E-01   0.6302779E+00
MOLECULAR ORBITAL #    4   ORBITAL ENERGY   1940.7793576
 0.1663841E-03   0.2133337E-01   0.1585201E+00   0.1681058E-01
 0.2264763E-01  -0.1519776E-01  -0.1357121E+00  -0.1138341E+00
 0.6628384E-01   0.4105395E-01  -0.3109243E-02   0.2716631E-01
 0.7490513E-02  -0.1993330E-01   0.1491446E-01   0.1672305E+00
-0.8238170E+00   0.1462571E+00  -0.6778843E+00
MOLECULAR ORBITAL #    5   ORBITAL ENERGY   2071.1320872
 0.7811998E-04   0.7070052E-02   0.6468066E-02   0.2404518E-01
-0.5142902E-02   0.4327168E-02  -0.3346526E-01  -0.1971245E-01
 0.3097593E-01   0.2604940E-01   0.2717484E-01  -0.1167239E-01
-0.1643497E-01   0.1796401E-01  -0.6903911E-02  -0.1631680E+00
 0.8323495E+00   0.1751140E+00  -0.8742513E+00
MOLECULAR ORBITAL #    6   ORBITAL ENERGY   2964.1073783
-0.1985854E-01  -0.1227015E+01  -0.1026387E+01   0.3425498E-02
 0.1911148E-01  -0.1106289E-01  -0.6811843E-01  -0.2215263E+00
 0.1469606E+00  -0.2096841E+00  -0.4663160E-01  -0.2344119E+00
 0.1923106E-01  -0.4630732E-01  -0.2531862E+00  -0.3444741E-01
 0.2986695E+00  -0.3244164E-01   0.2640182E+00
MOLECULAR ORBITAL #    7   ORBITAL ENERGY   4788.0532390
 0.6784643E-03   0.1609854E-01   0.2603756E-01  -0.4243279E-02
 0.2956889E-01   0.3089480E-01  -0.6290104E-03  -0.2177362E-01
-0.1503244E-01   0.3701721E-01  -0.5763763E+00  -0.2430408E-02
-0.8086911E+00   0.9911328E-01  -0.5743437E-01  -0.1082440E-02
 0.6613134E-02  -0.8073517E-03   0.4827842E-02
MOLECULAR ORBITAL #    8   ORBITAL ENERGY   4827.2715476
 0.5611157E-03  -0.3248799E-03   0.2743444E-01   0.5466489E-02
 0.6389160E-02   0.8953739E-03  -0.7776535E-01   0.5239810E-01
-0.5425007E-01   0.1184979E+00  -0.6184904E+00  -0.3869074E-01
 0.3609312E+00  -0.6909936E+00   0.1642163E-01   0.1325888E-01
-0.1095852E+00  -0.2602978E-02   0.3380364E-01
MOLECULAR ORBITAL #    9   ORBITAL ENERGY   4951.2908883
 0.3916789E-03  -0.3208147E-01   0.7310398E-02  -0.2654939E-01
 0.5800643E-02  -0.2031063E-03  -0.9703388E-02  -0.9412150E-02
 0.1129817E-01   0.1388331E+00  -0.5085500E+00  -0.5262737E-01
 0.4591381E+00   0.7124841E+00  -0.1064059E+00   0.4181667E-03
 0.8811098E-04  -0.2001521E-02   0.1488405E-01
MOLECULAR ORBITAL #   10   ORBITAL ENERGY   5560.3016058
-0.1619674E-03   0.2854198E-02  -0.3869206E-02   0.3908495E-02
-0.4841312E-02   0.4300556E-02  -0.8563537E-02   0.2525237E-01
-0.1600935E-02  -0.1864376E-01   0.1074185E-01   0.8882768E+00
 0.2433124E-01  -0.4572419E-01  -0.8402744E+00   0.1486121E-02
-0.1560403E-01   0.1272522E-03   0.2225293E-03
MOLECULAR ORBITAL #   11   ORBITAL ENERGY   5683.5672076
-0.8146504E-04   0.1811370E-01   0.8739103E-02  -0.1762211E-01
 0.9635093E-03  -0.2399772E-02   0.7964785E-01  -0.8304021E-02
 0.1337964E-01   0.1003521E+01   0.1611691E+00  -0.4551462E+00
-0.6477624E-01  -0.4761714E-01  -0.4989611E+00  -0.4253621E-02
 0.4083921E-01   0.1293576E-01  -0.9633412E-01
MOLECULAR ORBITAL #   12   ORBITAL ENERGY  11386.4855616
 0.6540133E-01   0.2351609E+01   0.2851334E+01  -0.3878681E-01
 0.1430000E-01  -0.1813687E-01   0.7635970E-01   0.1522548E+00
-0.1046607E+00  -0.8710863E+00  -0.2054883E-01  -0.9070723E+00
 0.2688702E-01  -0.3356816E-01  -0.9228508E+00   0.2668285E-01
-0.3305224E+00   0.2523145E-01  -0.3190808E+00
MOLECULAR ORBITAL #   13   ORBITAL ENERGY  48802.8679051
-0.2847980E-01   0.8176291E+00  -0.8722995E+00   0.9478809E+00
-0.6899304E+00   0.4884462E+00  -0.3936628E+00   0.2215063E+00
-0.1681613E+00   0.4715499E+00  -0.2912995E-01   0.4721663E+00
 0.1331372E-01   0.2343773E-02   0.4771489E+00  -0.6223992E-02
-0.5746959E-01  -0.1969203E-02   0.1592801E+00
MOLECULAR ORBITAL #   14   ORBITAL ENERGY  69627.3406520
 0.2541081E-02  -0.1045122E+00   0.5745977E-01   0.2384454E+00
-0.6321893E+00  -0.1256970E+01  -0.7946996E-01   0.2000892E+00
 0.4130133E+00  -0.3985818E-01  -0.1843822E-01  -0.4069154E-01
-0.2054849E-01   0.6478357E-02  -0.4498373E-01   0.4547429E-03
 0.1238932E-01   0.4209102E-03   0.1000737E-01
MOLECULAR ORBITAL #   15   ORBITAL ENERGY  75304.6994637
 0.3522227E-01  -0.5162709E+00   0.1068668E+01  -0.5981478E+00
-0.1077262E+01   0.4682038E+00   0.2423546E+00   0.4227593E+00
-0.2013287E+00  -0.4856858E+00   0.7910408E-03  -0.4945426E+00
-0.5281413E-02  -0.1502723E-01  -0.4954844E+00   0.2869560E-02
-0.1524707E+00   0.2889402E-02  -0.1728766E+00
MOLECULAR ORBITAL #   16   ORBITAL ENERGY  86658.1138561
-0.6132936E-01   0.1159858E+01  -0.1618524E+01  -0.8888130E+00
-0.1769968E+00  -0.1433307E+00   0.3187289E+00  -0.6083317E-02
 0.9970503E-01   0.8243821E+00  -0.3337442E-02   0.8309958E+00
-0.6553258E-02   0.5439877E-03   0.8329491E+00  -0.5410177E-02
 0.1888119E+00  -0.5923098E-02   0.3946812E-01
MOLECULAR ORBITAL #   17   ORBITAL ENERGY 380821.4115681
-0.2971606E-02  -0.8831016E-01  -0.2270470E+00  -0.1169016E-01
-0.3370234E-01   0.2427877E-01   0.6632935E-02  -0.1511042E-01
 0.1243542E-01   0.1887979E-01  -0.2650270E-02   0.1109346E-01
 0.4321148E-02  -0.7867541E-02   0.8262829E-02  -0.1131870E+01
 0.6673099E+00  -0.7403223E+00   0.4182435E+00
MOLECULAR ORBITAL #   18   ORBITAL ENERGY 393448.2182020
 0.8282491E-03   0.1623786E-01   0.4826151E-01   0.3985866E-01
-0.3115025E-02   0.7636191E-02   0.5907587E-01  -0.1494196E-01
 0.1865652E-01  -0.1188209E-01  -0.5829092E-02   0.4627111E-03
 0.3016991E-02  -0.2521529E-02   0.3959757E-03  -0.7683457E+00
 0.4983526E+00   0.1150436E+01  -0.7200981E+00
MOLECULAR ORBITAL #   19   ORBITAL ENERGY **************
-0.1121685E+01   0.7153789E+00  -0.8463326E+00   0.1281540E-01
 0.9470265E-02  -0.5451765E-02  -0.2102977E-01  -0.3300490E-01
 0.2259661E-01   0.4417556E+00   0.7235873E-03   0.4469032E+00
-0.1822324E-02   0.3562080E-02   0.4482769E+00  -0.6456685E-02
 0.7110794E-01  -0.6187131E-02   0.7246224E-01
 
 ORBITAL COEFFICIENTS AND ENERGIES, SPIN BETA
MOLECULAR ORBITAL #    1   ORBITAL ENERGY    -20.7318371
-0.1002926E+01   0.8982619E-02  -0.1461253E-01   0.2794167E-03
 0.6629837E-03  -0.4474094E-03  -0.3238067E-03  -0.6535430E-03
 0.4530747E-03   0.8462451E-02   0.9662161E-05   0.8528370E-02
-0.2420906E-04   0.4623153E-04   0.8545974E-02  -0.2216997E-04
 0.1043219E-02  -0.2398843E-04   0.1033981E-02
MOLECULAR ORBITAL #    2   ORBITAL ENERGY     -1.2777684
 0.2765051E+00  -0.1404034E+01   0.4081594E+00   0.3583511E-01
 0.1001714E+00  -0.6606387E-01   0.8105850E-02   0.1838482E-01
-0.1256814E-01  -0.3684610E-01   0.4616447E-03  -0.3810521E-01
 0.4961873E-03  -0.3877728E-02  -0.4017279E-01   0.7292676E-02
-0.1097575E-01   0.6881244E-02  -0.1097625E-01
MOLECULAR ORBITAL #    3   ORBITAL ENERGY     -0.7934518
 0.1933330E-02  -0.1028888E-01   0.2591091E-02   0.1143682E+01
-0.2805451E+00   0.3489252E+00   0.3472369E-01  -0.8105243E-02
 0.1024701E-01   0.1074753E-01   0.1412295E-01  -0.6591358E-02
-0.8529874E-02   0.7403227E-02  -0.5428775E-02  -0.1821408E-01
-0.2080950E-01   0.1920603E-01   0.2138694E-01
MOLECULAR ORBITAL #    4   ORBITAL ENERGY     -0.7836998
 0.3343593E-01  -0.1858040E+00   0.4459955E-01  -0.4434364E+00
-0.8294981E+00   0.7824394E+00  -0.1457938E-01  -0.2615310E-01
 0.2527346E-01  -0.3129869E-02  -0.9027329E-02  -0.1673020E-01
 0.6849089E-02   0.1688870E-01  -0.9916330E-02  -0.1431092E-01
-0.1609051E-01  -0.1172797E-01  -0.1302575E-01
MOLECULAR ORBITAL #    5   ORBITAL ENERGY     -0.7819508
 0.5544281E-02  -0.3057402E-01   0.7436187E-02   0.5834991E-01
-0.8590734E+00  -0.8824599E+00   0.2204250E-02  -0.2963824E-01
-0.3114877E-01   0.6045073E-03  -0.3159777E-02  -0.1800781E-01
-0.4492546E-02  -0.3771960E-02   0.1263928E-01  -0.1700603E-02
-0.1994469E-02  -0.1544650E-02  -0.1797976E-02
MOLECULAR ORBITAL #    6   ORBITAL ENERGY     -0.1088707
-0.3263743E-01   0.3310010E+00   0.1354643E-02  -0.1647993E-01
-0.1564580E+00   0.1170156E+00   0.5463987E-02   0.4087798E-01
-0.2916468E-01  -0.3495504E-02  -0.4616787E-02  -0.8891575E-02
 0.6091753E-02  -0.1152613E-01  -0.1306199E-01   0.3395979E+00
 0.5662146E+00   0.1910676E+00   0.3344612E+00
MOLECULAR ORBITAL #    7   ORBITAL ENERGY     -0.0834297
-0.8440821E-02   0.8320574E-01  -0.2060799E-02  -0.2344799E+00
 0.2771454E-01  -0.5038131E-01   0.4832733E-01  -0.2468362E-02
 0.8219616E-02   0.1569526E-01   0.1361439E-01  -0.1056794E-01
-0.7444859E-02   0.6601841E-02  -0.1017846E-01  -0.2198331E+00
-0.3428222E+00   0.3530175E+00   0.5764809E+00
MOLECULAR ORBITAL #    8   ORBITAL ENERGY      0.3930038
-0.1648001E-03   0.1791731E-01   0.1548110E-01   0.7312239E-01
-0.4394611E+00  -0.5782994E+00  -0.1139628E+00   0.6839475E+00
 0.8999329E+00  -0.3867705E-02   0.2348153E-02   0.1488906E-01
 0.6360031E-02   0.6582015E-02  -0.1815461E-01  -0.2174318E-02
 0.8356690E-04  -0.2041454E-02   0.8771011E-03
MOLECULAR ORBITAL #    9   ORBITAL ENERGY      0.4390186
 0.1558417E-01  -0.1009459E+00   0.8740681E-01  -0.3207949E+00
-0.5357497E+00   0.3656549E+00   0.5567283E+00   0.9226398E+00
-0.6300875E+00  -0.1948583E-01   0.1392314E-01   0.9566891E-02
-0.1212354E-01  -0.1172918E-01  -0.3621525E-03   0.4683411E-01
-0.3617862E+00   0.4165858E-01  -0.4050059E+00
MOLECULAR ORBITAL #   10   ORBITAL ENERGY      0.4897285
 0.1964370E-03   0.7421647E-01   0.7506463E-01   0.6586069E+00
-0.2229229E+00   0.2527969E+00  -0.1228617E+01   0.4142021E+00
-0.4701145E+00  -0.3444378E-02   0.5007600E-02  -0.1398197E-01
-0.3507903E-02   0.3205885E-02  -0.1408390E-01  -0.1512500E-01
-0.5391056E+00   0.5531956E-02   0.4905720E+00
MOLECULAR ORBITAL #   11   ORBITAL ENERGY      0.6838537
-0.1925059E-01   0.2394541E+01   0.2079986E+01  -0.7012933E-01
-0.8867100E-01   0.6505965E-01   0.1320485E+00   0.1577980E+00
-0.1141316E+00  -0.3265186E+00   0.8235552E-02  -0.2901636E+00
-0.1412295E-01   0.1744145E-01  -0.2846410E+00  -0.4119024E+00
 0.4920838E-01  -0.3826096E+00  -0.1174862E-01
MOLECULAR ORBITAL #   12   ORBITAL ENERGY      0.8086442
 0.1836781E-01   0.1235445E+01   0.1451012E+01   0.1568541E-01
 0.5459160E-01  -0.3877986E-01   0.3302013E-01   0.6433720E-01
-0.4698052E-01  -0.1742323E+00  -0.9190171E-02  -0.2006397E+00
 0.1334048E-01  -0.1743429E-01  -0.2057932E+00   0.9202023E+00
-0.1024166E+01   0.7501405E+00  -0.8530656E+00
MOLECULAR ORBITAL #   13   ORBITAL ENERGY      0.8605114
 0.1943249E-02   0.7420863E-01   0.9857682E-01   0.7877495E-01
-0.1729606E-01   0.2301995E-01   0.1145376E+00  -0.2751197E-01
 0.3514003E-01   0.2333642E-01   0.2899383E-01  -0.3201855E-01
-0.1683642E-01   0.1788332E-01  -0.2961841E-01  -0.8618945E+00
 0.8883027E+00   0.1026275E+01  -0.1059650E+01
MOLECULAR ORBITAL #   14   ORBITAL ENERGY      1.5205977
-0.3646751E-02   0.5518592E-01   0.2487150E-01  -0.2715447E-03
-0.3625979E-02   0.2649098E-02   0.2252457E-01   0.3820620E-01
-0.2678157E-01   0.5541463E+00  -0.5621738E+00  -0.4033289E+00
 0.4879173E+00   0.3467235E+00  -0.1303793E+00  -0.2048048E-01
-0.1831949E-01  -0.2039585E-01  -0.1718707E-01
MOLECULAR ORBITAL #   15   ORBITAL ENERGY      1.5241206
-0.4659013E-04   0.1014752E-02   0.6112069E-03  -0.4470247E-03
 0.5324381E-03   0.6782785E-03  -0.5974926E-03   0.1799248E-02
 0.5772813E-03  -0.1463087E+00   0.5746087E+00  -0.2611471E+00
 0.7065658E+00  -0.7094355E-02   0.4076728E+00  -0.4956172E-03
-0.4196864E-03  -0.2466937E-03  -0.2699899E-03
MOLECULAR ORBITAL #   16   ORBITAL ENERGY      1.5294840
 0.1164939E-04  -0.3264829E-03  -0.2125798E-03  -0.8657796E-03
 0.5192805E-02   0.5713126E-02  -0.1600362E-02   0.1563879E-01
 0.1946586E-01   0.6626765E-01  -0.1528482E+00  -0.7982157E+00
-0.3474962E+00  -0.2650936E+00   0.7318874E+00   0.3021795E-03
 0.5314816E-03  -0.2560157E-03  -0.3644474E-03
MOLECULAR ORBITAL #   17   ORBITAL ENERGY      1.5359182
-0.7930269E-02   0.1150767E+00   0.4905544E-01  -0.1099166E-01
-0.2071414E-01   0.1520902E-01   0.1729505E-01   0.2843821E-01
-0.1845855E-01   0.5321729E+00   0.7456782E-01  -0.6138590E-01
 0.1529654E+00  -0.8133696E+00  -0.4248368E+00  -0.3710255E-01
-0.3518929E-01  -0.3813271E-01  -0.3644054E-01
MOLECULAR ORBITAL #   18   ORBITAL ENERGY      1.5381172
 0.8543292E-04  -0.1540635E-02  -0.8320124E-03   0.5675426E-01
-0.1750890E-01   0.2047821E-01  -0.9167347E-01   0.2417519E-01
-0.2965005E-01  -0.6418115E+00  -0.5726114E+00   0.3477060E+00
 0.3458424E+00  -0.3871789E+00   0.2937820E+00  -0.4944918E-01
-0.7950785E-01   0.5059086E-01   0.8054467E-01
MOLECULAR ORBITAL #   19   ORBITAL ENERGY      2.8792697
 0.4278601E+00  -0.6889193E+00   0.2811230E+01  -0.1583751E-01
-0.2793356E-01   0.1976289E-01   0.5170900E-01   0.9597037E-01
-0.6723171E-01  -0.1419601E+01  -0.5544660E-02  -0.1455275E+01
 0.1295644E-01  -0.2357290E-01  -0.1464094E+01  -0.8662357E-02
-0.1822133E+00  -0.8582346E-02  -0.1823295E+00
