-0.9995119E+00   0.2525429E+00  -0.2153477E-04   0.3824518E-01
 0.1151990E-06
-0.1072003E-01  -0.1016465E+01   0.9184377E-04  -0.1675937E+00
-0.4032903E-05
-0.9076196E-02   0.5355943E+00  -0.7257089E-04   0.1248774E+00
-0.3595341E-05
 0.3092340E-03   0.1648610E-01  -0.6371855E+00  -0.2866936E+00
-0.9348546E-01
 0.5786538E-03   0.3083849E-01   0.1863441E+00  -0.5353974E+00
 0.5794812E+00
-0.4046947E-03  -0.2157701E-01  -0.2213953E+00   0.3745404E+00
 0.7567939E+00
-0.2698245E-03   0.5072842E-02  -0.2250887E+00  -0.1040088E+00
-0.3728491E-01
-0.5048589E-03   0.9490050E-02   0.6582643E-01  -0.1942322E+00
 0.2311146E+00
 0.3531792E-03  -0.6639760E-02  -0.7820898E-01   0.1358768E+00
 0.3018318E+00
 0.4055019E-02   0.2087401E-02  -0.8721633E-02  -0.3391254E-02
-0.4000519E-03
 0.1096083E-04   0.4914543E-03  -0.7945108E-02  -0.1802221E-02
 0.1002049E-02
 0.4077467E-02  -0.4224787E-02   0.4765444E-02  -0.2397892E-02
 0.4652376E-02
-0.1075420E-04   0.1818336E-02   0.4839720E-02   0.2954438E-03
 0.2177586E-02
-0.3856845E-05  -0.7961847E-02  -0.5196416E-02   0.5621565E-02
 0.1628421E-02
 0.4072982E-02  -0.7824478E-02   0.3962015E-02   0.5154230E-03
-0.4249536E-02
-0.3538473E-04   0.2444330E-01   0.2005250E+00  -0.1934793E+00
-0.2595467E-06
 0.7563062E-03   0.1830114E-01   0.2357993E+00  -0.2405976E+00
-0.9722972E-06
-0.3546198E-04   0.2442913E-01  -0.2003769E+00  -0.1936280E+00
-0.4684381E-06
 0.7560368E-03   0.1829559E-01  -0.2356460E+00  -0.2407949E+00
-0.5789478E-06
